+-------+--------------------+--------------------+--------------------+
| Epoch |     total_loss     |      dt_loss       |     type_loss      |
+-------+--------------------+--------------------+--------------------+
|   1   | 147.30238708496094 | 28.810189982822962 | 118.49219621930804 |
|   2   | 144.43879275367374 | 27.79247801281157  | 116.64631410144624 |
|   3   | 139.87947239467076 | 27.60196399870373  | 112.27750684465681 |
|   4   | 135.05448663620723 | 27.452253537859235 | 107.60223275320871 |
|   5   | 128.89961027599517 | 27.31232434953962  | 101.58728505452474 |
|   6   | 123.70427363804409 | 27.129109159197125 | 96.57516312372117  |
|   7   | 117.79104480561756 | 27.15583951677595  | 90.63520491827101  |
|   8   | 113.9050223795573  | 27.046389022100538 |  86.8586333937872  |
|   9   | 109.84497490292503 | 26.957833796909878 |  82.8871415056501  |
+-------+--------------------+--------------------+--------------------+