+-------+--------------------+--------------------+--------------------+
| Epoch |     total_loss     |      dt_loss       |     type_loss      |
+-------+--------------------+--------------------+--------------------+
|   1   | 97.59937210474259  | 17.919266783885465 | 79.68010739839994  |
|   2   |  96.0738302299304  | 16.330347247001452 | 79.74348404321915  |
|   3   |  94.7046355105669  | 15.900773905240573 | 78.80386244553786  |
|   4   | 94.80255241980919  | 15.753084696256197 | 79.04946874373998  |
|   5   | 94.02385164701022  | 15.486874725146171 | 78.53697599753356  |
|   6   | 92.06278429080278  | 15.215069446074658 | 76.84771273881961  |
|   7   | 90.46966198260968  | 14.938820458436624 | 75.53084029760116  |
|   8   | 89.16166791866988  | 14.637439181988055 | 74.52422814784906  |
|   9   | 87.85562632242839  |  14.3145202147655  | 73.54110439202725  |
|   10  | 86.03794172238081  | 14.087356776702098 | 71.95058585142478  |
|   11  | 84.56590504964193  | 13.730764231559558 | 70.83514018523387  |
|   12  | 83.23447698348608  | 13.303000914744842 | 69.93147626045423  |
|   13  | 80.71732022016477  | 12.783983837029872 | 67.93333571996445  |
|   14  | 79.26548763177334  | 12.209221764588968 | 67.05626608824119  |
|   15  | 77.64724553034856  | 11.849816978650216 | 65.79742895664313  |
|   16  | 76.78804110796024  | 11.626338164500702 |  65.1617037533491  |
|   17  | 74.78545861659906  | 11.465258803734413 | 63.32020025791266  |
|   18  | 74.33475383269482  | 11.326073687626765 | 63.008680631197414 |
|   19  | 74.01391650077625  | 11.203413558373084 | 62.81050345396384  |
|   20  |  73.8108832413111  | 11.067720209757487 | 62.743160619491185 |
|   21  | 72.60359282664764  | 10.899069453508426 |  61.7045222277519  |
|   22  | 71.90007979955429  | 10.666971140152368 | 61.233109756860976 |
|   23  |  71.4313433211889  | 10.487532034653883 | 60.94381023700421  |
|   24  | 70.75855819310897  | 10.206007061493702 | 60.55254891420022  |
|   25  | 70.04955919314654  | 9.949236206641563  | 60.100321682661004 |
|   26  | 70.45253943810096  |  9.74584899804531  | 60.70668926532452  |
|   27  | 69.09299951797877  |  9.57860590616862  | 59.51439292320838  |
|   28  |  69.1342185934996  | 9.460350077702449  | 59.67386974236904  |
|   29  | 68.98266571827423  | 9.372654228210449  | 59.610010911990436 |
|   30  | 69.10976924015925  | 9.321955949832232  | 59.78781360724034  |
|   31  | 69.80656704633664  |  9.18535273429675  | 60.62121447440906  |
|   32  | 68.41019711225461  | 9.094307940556453  | 59.31588721250876  |
|   33  |  69.2106791413136  | 9.030109432905148  | 60.180569332807494 |
|   34  | 67.95421252128405  | 9.090733152536245  | 58.863479133019084 |
|   35  | 67.92145733173076  | 9.031317044771635  | 58.89014190282577  |
|   36  | 68.51544511061448  | 8.908572422907902  | 59.606874377910906 |
|   37  | 67.70292327098358  | 8.864198854886569  | 58.83872348491962  |
|   38  | 67.91896119729067  |  8.82946776561248  | 59.08949387379182  |
|   39  | 68.01237209222256  |  8.8409211623363   | 59.171450919126855 |
|   40  | 67.93142265124199  | 8.809219003335024  | 59.122203361315606 |
|   41  | 67.75316880446213  | 8.695508583264473  | 59.05766122280023  |
|   42  | 68.07467957325471  |  8.68969512646015  | 59.38498362223307  |
|   43  | 67.23889404296875  | 8.672376978947566  | 58.566517944335935 |
|   44  | 67.60355961726262  | 8.654538092001891  | 58.949021356044675 |
|   45  | 67.47848556518555  | 8.598565801962827  | 58.87991927318084  |
|   46  | 67.17184474064753  | 8.580117505391438  | 58.591729153364135 |
|   47  |  67.6426175005008  | 8.607066093836075  | 59.03555130396134  |
|   48  | 67.29865811078976  | 8.541791334885817  | 58.75686627510267  |
|   49  | 67.51129903940054  |  8.49592256105863  | 59.01537688035231  |
|   50  | 67.89604207356771  | 8.505280657059107  |  59.3907623447516  |
|   51  |  67.4340139848758  | 8.479339356055627  | 58.95467433049129  |
|   52  | 67.66506029177934  |  8.52142586732522  | 59.143634166228466 |
|   53  | 66.82372629801432  | 8.550059364514473  | 58.27366768078926  |
|   54  | 67.20015709510217  | 8.518625844319661  | 58.68152893848908  |
|   55  | 66.95876762977014  | 8.484880642035069  | 58.47388715695112  |
|   56  | 67.06768438877204  | 8.457286034608499  | 58.610398884308644 |
|   57  | 66.43617138984875  |  8.4687345798199   | 57.96743557269757  |
|   58  |  67.5270056230594  | 8.427283662649302  | 59.09972250522711  |
|   59  | 66.87927409636669  | 8.469082005818684  | 58.41019249549279  |
|   60  |  66.9961230116624  | 8.487418635441706  | 58.508704630533856 |
|   61  |  67.3040262936323  |  8.44774015964606  | 58.856285419953174 |
|   62  | 66.73377423408704  | 8.505054372151692  | 58.22871873904497  |
|   63  | 66.76199198404947  | 8.486505440932055  | 58.275487717848556 |
|   64  |  66.7686388690655  | 8.436211903889975  | 58.332428025465745 |
|   65  | 67.21513978615785  | 8.436186011876815  | 58.77895319229517  |
|   66  | 68.16628470396384  | 8.387117787874661  | 59.77916721441807  |
|   67  | 67.30406063764524  | 8.419519596588918  | 58.88454006879758  |
|   68  | 67.36019536727514  | 8.439142075563089  | 58.921052555182044 |
|   69  |  67.4649322666266  | 8.370371561294947  | 59.09456054296249  |
|   70  | 67.12028200589694  | 8.446237905453414  | 58.67404424422826  |
|   71  | 66.71323938614283  | 8.436601675962791  | 58.276638903495595 |
|   72  | 66.52138762253982  | 8.448579522157326  | 58.07280694423578  |
|   73  | 66.84468954233023  | 8.393425477834848  | 58.45126430022411  |
|   74  | 66.97867854191706  | 8.443195495605469  | 58.53548254551032  |
|   75  | 67.92025625375601  | 8.353616101191594  | 59.56663892305814  |
|   76  | 67.30402271759816  |  8.40964181459867  | 58.89438257461939  |
|   77  | 67.00393431052183  |  8.37996926527757  | 58.62396514110076  |
|   78  | 66.16953092134916  | 8.412558943919647  | 57.75697069608248  |
|   79  | 67.62196601280799  | 8.371398881765513  | 59.25056657840044  |
|   80  | 67.39048127003205  | 8.368739837255234  | 59.021741837721606 |
|   81  | 66.70206981952374  | 8.364344012920673  | 58.33772654997997  |
|   82  | 67.24004115178035  | 8.342203221443372  |  58.8978366010617  |
|   83  | 66.84772876446064  | 8.295267078693097  | 58.55246307373047  |
|   84  | 67.31113041021885  |  8.28367588727902  | 59.027452799479164 |
|   85  | 66.36232681665665  | 8.279077079968575  | 58.08324971125676  |
|   86  | 66.51692216922075  | 8.296496940025916  | 58.220425454164165 |
|   87  | 67.14842260116185  | 8.180304003006373  |  58.9681177344689  |
|   88  | 66.86964822622446  | 8.177491771991436  | 58.69215589083158  |
|   89  | 67.48371061276167  | 8.194071444976025  | 59.289638902713094 |
|   90  | 66.69860896966397  | 8.162334502782578  | 58.53627358852289  |
|   91  | 66.78384987855569  | 8.117240530160757  | 58.666607349102314 |
|   92  | 66.61740545810797  | 8.046721858000144  | 58.570684243226665 |
|   93  | 65.77778961964142  | 8.040035887498123  | 57.73775460267678  |
|   94  | 66.06141779190455  |  7.97848696292975  | 58.08293322049654  |
|   95  | 66.44274665245644  | 7.927734567691118  | 58.51501244569436  |
|   96  | 66.06353657257863  | 7.945915104792668  | 58.11762118999775  |
|   97  |  66.6370471895658  | 7.818834311656463  |  58.8182119907477  |
|   98  | 66.35640500582181  | 7.757107363480788  | 58.59929771227714  |
|   99  | 66.05443432147686  | 7.764979712657439  | 58.28945515950521  |
|  100  | 66.58302038730719  | 7.666223870790922  |  58.9167973836263  |
|  101  |  65.6114246857472  | 7.639705769954584  | 57.971719528589496 |
|  102  | 65.88896133814103  | 7.626745577592116  | 58.26221532577124  |
|  103  | 65.99040215125451  | 7.6019793583796575 | 58.388423411051434 |
|  104  | 65.81716755793644  | 7.582873851580498  | 58.23429343199118  |
|  105  | 65.93911427815755  | 7.487097028096517  | 58.45201572907277  |
|  106  | 65.95112772623698  | 7.509193856165959  | 58.44193366026267  |
|  107  | 65.78642505352313  | 7.480529823792287  | 58.30589663774539  |
|  108  | 65.26551831367688  |  7.46722563572419  | 57.798291805952026 |
|  109  | 66.09008938520383  |  7.43253714634822  | 58.65755150428185  |
|  110  | 65.08530110677083  | 7.4018282768053885 | 57.68347408196865  |
|  111  | 66.21225925152119  | 7.360639756031525  | 58.85161912575746  |
|  112  | 66.13558540539864  | 7.359938248365354  | 58.77564772777068  |
|  113  | 65.67710044665215  | 7.300583562117357  | 58.376517056196164 |
|  114  | 65.49663545266176  | 7.227484096624912  | 58.26915040236253  |
|  115  | 65.82914693979117  |  7.12710567180927  | 58.702041770739434 |
|  116  | 65.26578018579727  | 7.150021604880308  | 58.11575692592523  |
|  117  | 65.06540414663462  | 7.071848158714099  | 57.99355473053761  |
|  118  | 65.75502536871494  | 7.0572763354961685 | 58.697747031969904 |
|  119  |  65.1760283993452  | 7.007091739850167  | 58.16893830910707  |
|  120  | 65.25322534023186  | 7.014095029586401  | 58.23912985777243  |
|  121  | 64.91102647830279  | 6.971590352180677  | 57.93943501790365  |
|  122  | 64.64818100366837  | 6.930986807407477  | 57.71719375610351  |
|  123  | 65.10177825927734  |  7.04716945990538  | 58.05460856511043  |
|  124  | 65.23860594138121  | 6.928169544415597  | 58.310436076628854 |
|  125  | 65.24590412628956  | 6.902278309357472  | 58.34362625904572  |
|  126  | 65.23526471260267  | 6.878431862073067  | 58.356833417843546 |
|  127  | 64.96026657495743  | 6.830062508216271  | 58.13020444429838  |
|  128  | 64.71680139394907  | 6.801583335093963  | 57.91521776248247  |
|  129  | 64.86899913298778  | 6.771263150435227  | 58.097735036214196 |
|  130  | 64.16412252964118  | 6.803354420295128  | 57.360767880953276 |
|  131  | 64.99881492027869  | 6.737947075672639  | 58.26086880023663  |
|  132  | 64.55578304975461  | 6.701293791257418  | 57.85449009821965  |
|  133  | 64.50815465682592  | 6.702411628136268  | 57.805741847111626 |
|  134  | 64.64876506316357  | 6.767199775011112  | 57.88156632643479  |
|  135  | 64.10981198824369  |  6.72870147167108  | 57.38111119588216  |
|  136  | 64.77819801526192  | 6.666723690522023  | 58.111475341014376 |
|  137  | 64.50001036032653  | 6.656557652889154  | 57.843453177427634 |
|  138  | 64.82406724196214  | 6.630335815136249  |  58.1937311730018  |
|  139  | 64.54315724690755  | 6.5756912999275405 | 57.967467068403195 |
|  140  | 64.34619479448368  | 6.606473968212421  | 57.739720282921425 |
|  141  | 64.97621856298203  | 6.6166103676037915 | 58.359608604235525 |
|  142  | 64.44921961075221  | 6.525796389457507  | 57.92342338757637  |
|  143  | 64.56718845856496  | 6.523609369718112  | 58.04357897636218  |
|  144  | 64.24420151539339  | 6.590146174308582  | 57.65405529315655  |
|  145  | 64.49807547544822  | 6.555920470311092  | 57.94215548393054  |
|  146  | 64.67108912932567  | 6.528488901578463  | 58.142599021715995 |
|  147  | 64.63257844582583  | 6.436769618498974  | 58.195808950570914 |
|  148  | 64.02969768817609  | 6.4887344057132035 | 57.540964989295375 |
|  149  | 64.21933950570913  | 6.433200218983186  | 57.78613932682918  |
|  150  | 64.59457157232822  | 6.449695499126728  | 58.14487569955679  |
|  151  | 64.43611847315078  | 6.449265091724885  | 57.98685310559395  |
|  152  | 63.96865694877429  | 6.453687756367219  | 57.51496947068434  |
|  153  | 64.36936907645983  | 6.405788102761293  | 57.96358069004157  |
|  154  | 64.52327518952198  | 6.429612371982672  | 58.09366190983699  |
|  155  | 64.25401832776191  | 6.370007125658867  | 57.88401319063627  |
|  156  | 64.40700988769531  | 6.377400284791604  | 58.029610619178186 |
|  157  | 63.80455829718174  | 6.418627873934232  | 57.38593153342222  |
|  158  | 64.11750829843375  | 6.377097137157733  | 57.740411306527946 |
|  159  | 64.75047173915765  | 6.313547438108004  | 58.43692410982572  |
|  160  | 63.91312142787836  | 6.332983859624618  | 57.580135697584886 |
|  161  |  64.6247451547476  | 6.341541738754664  | 58.28320378230168  |
|  162  | 63.690675072303186 | 6.3507283440614355 | 57.339946965926735 |
|  163  | 64.26114728878706  | 6.336546277755346  | 57.92460306020883  |
|  164  | 64.02926551231971  | 6.323957478449895  |  57.7053074998122  |
|  165  | 64.01684925959661  |  6.30943654084817  | 57.70741201156225  |
|  166  | 64.47497425568409  | 6.298392492930095  | 58.176582602476465 |
|  167  |  64.1965832832532  | 6.2703793002397585 | 57.92620423145783  |
|  168  | 63.79757051908053  |  6.26979182218894  | 57.527779404077776 |
|  169  | 64.57109128120618  | 6.245434161944267  |  58.3256557014661  |
|  170  |  64.0957573054387  | 6.299305704067915  | 57.796451912904395 |
|  171  | 63.83461106520433  | 6.250822693262345  | 57.583788369985726 |
|  172  | 64.11164215870393  | 6.321722340217003  | 57.78991968399439  |
|  173  | 63.89459683149289  | 6.327364972921518  | 57.56723184438852  |
|  174  | 63.91679128402318  | 6.231919725369185  | 57.684871630546375 |
|  175  | 63.82838411771334  | 6.243222761398707  | 57.58516130887545  |
|  176  |  64.3595432457557  | 6.258340391501402  | 58.101202955979566 |
|  177  | 63.92167497683794  | 6.229729634309426  | 57.691945030016775 |
|  178  | 64.26494298690405  | 6.219611153235802  | 58.04533099052234  |
|  179  | 63.931165849734576 | 6.235830835195688  | 57.69533595941006  |
|  180  |  64.0752885163136  | 6.1711024118081115 | 57.90418711344401  |
|  181  | 63.894620693891476 | 6.2501889302180365 | 57.64443152011969  |
|  182  | 63.66475344144381  | 6.243291731614333  | 57.421461807642224 |
|  183  | 64.37474810478015  | 6.203244518377842  | 58.17150431706355  |
|  184  |  64.3358702361278  | 6.240107111319517  | 58.09576176961263  |
|  185  | 64.17030939346705  | 6.197676460070488  | 57.97263362786709  |
|  186  | 64.21315709823217  |  6.22117824896788  | 57.991979092328975 |
|  187  |  64.150583789532   | 6.221861466627854  | 57.928722698505105 |
|  188  |  64.3427669544709  | 6.232860575455885  | 58.109905297695065 |
|  189  | 63.86438784085787  | 6.247298370263516  | 57.61708854088416  |
|  190  | 63.52339909480168  | 6.256779322012877  | 57.266619610908705 |
|  191  | 63.780823465983076 | 6.2840982740353315 | 57.49672612899389  |
|  192  | 64.10182495117188  | 6.271171956184583  | 57.830652974446615 |
|  193  | 64.27065317007211  | 6.187252204601581  | 58.08339947431515  |
|  194  | 63.81654505803035  | 6.258018872676751  | 57.55852643917768  |
|  195  | 63.73213585095528  | 6.245891260978503  | 57.48624501546224  |
|  196  | 63.57614152565981  | 6.2321167510595075 | 57.34402473254082  |
|  197  | 63.903370020939754 |  6.26146941111638  | 57.641900212214544 |
|  198  |  63.4099194140312  | 6.241620497581287  | 57.168298879770134 |
|  199  | 63.68899881998698  | 6.252144391964643  |  57.4368551166241  |
|  200  | 63.65893808218149  | 6.173642860314785  | 57.485294428116234 |
|  201  |  64.0883580056215  | 6.190573629232554  | 57.897784275152745 |
|  202  |  63.7938088676257  | 6.228266790830172  | 57.56554267687675  |
|  203  | 63.89595427684295  | 6.226544381655179  | 57.66940947703826  |
|  204  | 63.716837518154044 | 6.201178757594182  |  57.515658592811   |
|  205  | 63.226742389385514 | 6.270646725189992  | 56.95609780727289  |
|  206  | 64.00980460142478  | 6.208529967772655  | 57.80127491486378  |
|  207  | 63.867643041366186 | 6.257611964788192  | 57.61002915993715  |
|  208  | 63.77679410494291  | 6.227243383847751  | 57.54955139160156  |
|  209  | 63.767440561147836 |  6.17810669140938  | 57.58933358999399  |
|  210  | 63.81146826719626  | 6.157961933918489  | 57.65350614890074  |
|  211  | 63.25844239846254  | 6.222105937859951  | 57.036336650359324 |
|  212  | 64.44810001862355  | 6.210038119585086  | 58.23806274805313  |
|  213  | 63.76688481257512  | 6.151785931709485  | 57.61509809836363  |
|  214  | 63.45755595671825  | 6.194424004187951  | 57.263132699819714 |
|  215  |  63.1638469911233  | 6.225202045929738  | 56.938644170516575 |
|  216  | 63.879073764116335 | 6.204552990840032  | 57.67452123006185  |
|  217  | 63.83310663859049  | 6.186596020918626  | 57.646509861090244 |
|  218  | 63.622212450076375 | 6.184914548824995  | 57.437298497909154 |
|  219  | 63.97061287121895  | 6.191299554873735  | 57.779312583727716 |
|  220  |  63.6120843349359  | 6.177389125823975  | 57.43469491029397  |
|  221  | 63.675755646534455 |  6.14209505374615  | 57.53365823599008  |
|  222  | 63.69752003205128  | 6.164084461896848  |  57.5334363653721  |
|  223  | 63.718658658541166 | 6.168054459400666  | 57.550605922601164 |
|  224  | 63.35595243796324  | 6.186066526266245  | 57.169886513734475 |
|  225  | 63.653087913317556 | 6.107020674974491  | 57.54606685931866  |
|  226  | 63.566204978747244 | 6.150246415749574  |  57.4159589444674  |
|  227  | 63.81098388280624  | 6.110051359029916  | 57.700934283916766 |
|  228  | 63.276365857246596 | 6.081339846880008  | 57.19502673418094  |
|  229  | 64.02776498647836  | 6.0680581660148425 | 57.95970745380108  |
|  230  | 63.69646501981295  | 6.108957627614339  | 57.58750741811899  |
|  231  |  63.707066016564   | 6.087176649631598  | 57.619888822115385 |
|  232  | 64.16392307379307  | 6.067012154505803  | 58.096911022479716 |
|  233  | 64.44465825790014  |  6.0504873975118   | 58.394170450063854 |
|  234  |  63.949778321095   | 6.0534666305933245 | 57.89631103515625  |
|  235  | 63.98728707337991  | 6.077223964104285  |  57.9100639851888  |
|  236  | 63.407201213347605 | 6.0868579923189605 | 57.320342970628005 |
|  237  | 63.59471545879657  | 6.119652874775422  | 57.475063359187196 |
|  238  | 63.586624849759616 | 6.103385496873122  | 57.483239006629354 |
|  239  | 63.73647280570788  |  6.06274715032333  | 57.67372567592523  |
|  240  | 63.61472380809295  | 6.076933662707989  | 57.53779063689403  |
|  241  | 63.90601780035557  | 6.029016272226969  | 57.87700149536133  |
|  242  | 63.537025420360074 | 6.1042831484476725 | 57.43274220002003  |
|  243  | 63.918346287653996 | 6.060479547060453  | 57.857866543500855 |
|  244  | 63.51477080516326  | 6.030822475139911  | 57.48394875550881  |
|  245  | 64.33952142568735  | 6.1324016145559455 | 58.20711926973783  |
|  246  | 63.82440827589769  | 6.108880035204765  | 57.715528411865236 |
|  247  | 62.74570169693384  | 6.125165969163944  | 56.620535751734025 |
|  248  | 63.18282709366236  | 6.097942914718237  | 57.084884197528545 |
|  249  | 63.30336248153295  | 6.093989594777425  | 57.20937257033128  |
|  250  | 63.67971761458959  | 6.059578168331049  |  57.6201380098783  |
|  251  | 63.427396756685695 | 6.041071263826811  | 57.38632579314403  |
|  252  | 63.106080870017024 | 6.059648001255133  | 57.04643233861679  |
|  253  | 63.55566557272886  |  6.01213770206158  | 57.54352733122997  |
|  254  | 63.64517532739884  | 6.117372728494497  | 57.527802182711085 |
|  255  | 63.03862978030474  | 6.064091049096523  | 56.97453905154497  |
|  256  |  63.3346683991261  | 6.040441368298652  | 57.29422740447215  |
|  257  | 63.00998658791566  | 6.0143455035869895 | 56.995642684545274 |
|  258  | 63.03285151554988  | 6.063609189253587  | 56.96924134865785  |
|  259  | 63.10242667173728  | 6.038301374973395  | 57.064126219138124 |
|  260  | 63.66256701347155  | 6.001437327067057  | 57.66112959250426  |
|  261  | 62.88914014767378  | 6.045515644366924  |  56.8436244553786  |
|  262  | 63.51563811473358  | 6.0232902101370005 |  57.4923482806866  |
|  263  | 62.82017355894431  | 6.043120510394757  | 56.77705305441832  |
|  264  | 62.897670503273986 | 6.043769429035676  | 56.85390239226513  |
|  265  | 62.55479772323217  | 6.006556383279654  | 56.54824230096279  |
|  266  | 63.56251599434095  | 6.019363610683343  |  57.5431538273738  |
|  267  | 63.78455289791792  | 6.016970833020332  | 57.76758141150842  |
|  268  | 63.49771125989083  | 5.993824349916898  | 57.503885994935644 |
|  269  | 63.27281041463216  | 5.980889676411946  |  57.2919199977777  |
|  270  |  63.5999465238131  | 5.966266721089681  | 57.63367869450496  |
|  271  | 62.46068089411809  | 6.006363669664432  | 56.454315948486325 |
|  272  | 62.930858932886366 | 6.003707218170166  | 56.92715037810497  |
|  273  | 62.91944590250651  | 5.948885976840288  | 56.97055896074344  |
|  274  |  63.6291212502504  | 5.966644965440799  | 57.66247500688602  |
|  275  | 63.855745935684595 | 5.9602215595734425 | 57.89552462455554  |
|  276  | 63.89804980938251  | 5.943223696977665  | 57.954824891701726 |
|  277  | 63.20789359850761  | 5.948645440126077  | 57.25924934582832  |
|  278  | 63.37354784060747  | 5.977403490115434  | 57.396144506992435 |
|  279  | 63.533470595922225 |  5.92446441699297  | 57.609005576891775 |
|  280  | 63.522117622571116 | 5.966769082485101  | 57.55534826425406  |
|  281  | 62.84595700777494  | 5.890343731611203  | 56.95561289860652  |
|  282  | 63.77881259624775  | 5.946319365868201  | 57.832492397993036 |
|  283  | 63.97928946470603  | 5.925887739230425  | 58.05340036245493  |
|  284  | 63.73785461425781  | 5.902227176764073  | 57.83562578641451  |
|  285  | 63.26335553291516  | 5.907548884367332  | 57.355806434826974 |
|  286  | 62.996546943860174 | 5.920428405663906  | 57.07611798408704  |
|  287  | 63.33257708427234  | 5.920814227079734  | 57.41176262488732  |
|  288  | 62.814776924328925 | 5.892689414391151  | 56.92208804008288  |
|  289  | 63.023629005627754 |  5.87607400894165  | 57.14755534636669  |
|  290  | 63.42527463864057  | 5.875549030303955  | 57.549725838685646 |
|  291  | 62.90497491298578  | 5.887204363407233  | 57.01776950542743  |
|  292  | 62.93084604899089  | 5.899127406584911  | 57.03171767405975  |
|  293  | 62.924639696952624 | 5.9065051875970305 | 57.01813444479918  |
|  294  | 62.999383008908005 | 5.932501096969996  | 57.06688110351563  |
|  295  | 63.31994828835512  | 5.898627082140018  | 57.42132027650491  |
|  296  |  63.5000347274389  | 5.8435289549216245 | 57.65650608551808  |
|  297  | 63.00860632089468  | 5.868507052201491  | 57.140100312844304 |
|  298  | 62.696387246938855 | 5.844589439294277  | 56.851797888340094 |
|  299  | 63.48481485220102  | 5.894150425348526  | 57.590665314503205 |
|  300  | 63.43018771049304  | 5.851223239898681  | 57.57896356435923  |
|  301  | 63.03775952461438  | 5.841263751494579  | 57.19649546696589  |
|  302  | 62.88403452946589  | 5.902759776482215  | 56.981273482885115 |
|  303  | 63.046581287873096 | 5.829354362976857  | 57.217225110958786 |
|  304  | 62.94150440313877  | 5.838893057016226  | 57.10261150262295  |
|  305  | 62.86139429336939  | 5.840429440522805  | 57.02096435546875  |
|  306  | 63.19620849218124  |  5.85234126555614  | 57.34386784871419  |
|  307  | 62.79996049929888  | 5.902046765547532  | 56.89791388487205  |
|  308  | 63.36391336294321  | 5.883466754815517  | 57.480446155254654 |
|  309  | 62.993341776529945 | 5.809788007491674  | 57.18355375632262  |
|  310  | 63.10387912065555  | 5.827589410635142  | 57.27628986065204  |
|  311  | 63.18584996541341  | 5.837582765236879  | 57.34826791616587  |
|  312  | 63.74702334672977  | 5.797771592262464  | 57.949252581474106 |
|  313  | 63.454107486040165 | 5.875032411722037  | 57.57907531738281  |
|  314  | 63.249531919039214 | 5.899388886965238  | 57.35014288095328  |
|  315  | 63.56392754187951  | 5.876124329689222  | 57.68780325473883  |
|  316  | 62.61453716571514  | 5.819830391223614  | 56.79470911270533  |
|  317  | 62.62293291923327  | 5.8367878987238955 | 56.786145132994044 |
|  318  | 62.62425863803961  | 5.849362143003024  | 56.774896001571264 |
|  319  | 63.35280977689303  | 5.8471978598374585 | 57.50561189700396  |
|  320  | 62.88677725767478  | 5.882993514232147  | 57.00378487220177  |
|  321  | 62.854991654616136 | 5.8548038169665215 | 57.000188962496246 |
|  322  | 63.53310362987029  | 5.834401835417136  | 57.69870124230018  |
|  323  | 63.171110202104614 | 5.865473853380252  | 57.30563713660607  |
|  324  | 63.51202558859801  | 5.810654778602796  | 57.701370364458135 |
|  325  | 63.252349278376656 |  5.87032066491934  | 57.38202955197065  |
|  326  | 63.184407575558396 |  5.8520014552581   | 57.33240685487405  |
|  327  | 63.05535730606471  |  5.85421403542543  | 57.20114298893855  |
|  328  | 63.36167021922576  | 5.884155076344808  | 57.477515638302535 |
|  329  | 63.22720734033829  | 5.829975823622483  | 57.39723172701322  |
|  330  | 63.70804026285807  | 5.838956256768642  | 57.86908545469626  |
|  331  | 62.89907713669997  | 5.857728904821934  |  57.0413487087152  |
|  332  | 62.669710317758415 | 5.885004743918395  | 56.78470691778721  |
|  333  | 62.68590356288812  | 5.889865345099033  | 56.796038438845905 |
|  334  | 63.10592546511919  | 5.789094456403683  | 57.31682920798277  |
|  335  | 63.290405985514326 | 5.802183192326472  | 57.48822307488857  |
|  336  | 62.97890200101412  | 5.795955321972187  | 57.182947919796675 |
|  337  | 62.85087245452098  | 5.858526226434952  | 56.99234662960737  |
|  338  | 63.13152434520232  | 5.821742404546493  | 57.30978169759115  |
|  339  | 63.21184714292868  | 5.799085083007813  | 57.412762091220955 |
|  340  | 62.360038146972656 | 5.839334637568547  | 56.52070339496319  |
|  341  | 62.60091269077399  |  5.83602844727345  | 56.76488522651868  |
|  342  | 62.95388847937951  | 5.832263131263929  | 57.121624395908455 |
|  343  | 62.97050335223858  | 5.810899863120837  | 57.159603717510514 |
|  344  |  64.0304233570588  | 5.822440132238926  | 58.207984016614084 |
|  345  | 62.78076464139498  | 5.821730198004307  | 56.959033598288514 |
|  346  | 62.647654301570014 | 5.867440438392835  | 56.780214894612634 |
|  347  | 62.98287128155048  | 5.850818294133895  | 57.13205323048127  |
|  348  |  62.5454801549667  | 5.773987713349171  | 56.771490803253954 |
|  349  | 63.515553800142726 |  5.87945718667446  | 57.63609679002028  |
|  350  | 63.60860871926332  | 5.776500139480982  | 57.83210706661909  |
|  351  | 63.255938849815955 | 5.801068012530987  | 57.454869443453276 |
|  352  | 62.58925618489583  | 5.817036103468675  | 56.77221907786834  |
|  353  | 62.48583243345603  | 5.812106281182705  | 56.673725887200774 |
|  354  | 62.91127399933644  |  5.81461173033103  | 57.096662707206534 |
|  355  | 62.341627760667066 | 5.845322961073656  | 56.496304779052736 |
|  356  | 62.97302997295673  | 5.850923706935002  | 57.122106436704975 |
|  357  | 63.23873783991887  | 5.812873779688126  | 57.42586355747321  |
|  358  | 62.63230909689879  | 5.885284786224365  | 56.74702502128405  |
|  359  | 63.03628894121219  | 5.872540758084028  | 57.16374730819311  |
|  360  | 63.20301975348057  | 5.793243479606433  | 57.409776975191555 |
|  361  | 63.18115774301382  | 5.840802742884709  | 57.34035525982196  |
|  362  |  62.538910937187   | 5.841577257498717  | 56.69733330751077  |
|  363  | 63.02049485035432  | 5.849692873343443  | 57.170802827492736 |
|  364  | 63.358563103309045 | 5.845805627382719  | 57.512758307823766 |
|  365  |  63.2034556227464  | 5.845724522517278  | 57.357731190216846 |
|  366  | 62.87760549692007  | 5.863854607313107  | 57.013751322428384 |
|  367  | 62.931944744403545 | 5.784865479102502  | 57.147079162597656 |
|  368  | 63.13193551870493  | 5.852103173671624  | 57.27983209463266  |
|  369  |  63.0669207411546  | 5.873330792158078  | 57.193590103540664 |
|  370  | 62.83627262213291  | 5.853852474017021  | 56.98241978180714  |
|  371  | 62.95715121538211  | 5.8080354988880645 | 57.14911553798578  |
|  372  | 63.111078037359775 | 5.813479937039888  | 57.29759719457382  |
|  373  | 62.90212619488056  | 5.8306659263219585 | 57.071460500863886 |
|  374  | 63.23566967695187  | 5.855543294564272  |  57.3801258576222  |
|  375  | 62.99243181277544  | 5.7958872032165525 | 57.196543160462994 |
|  376  | 62.68832314515725  | 5.809594202775221  | 56.878727370042064 |
|  377  | 62.81690452380058  | 5.873774728041429  | 56.943130246675935 |
|  378  | 62.41046432103866  | 5.782703642233824  | 56.62776127741887  |
|  379  | 62.910911149245045 | 5.7467918268839515 |  57.1641190240322  |
|  380  | 62.73561704586714  | 5.7671411025218475 | 56.96847665248773  |
|  381  | 63.686190201196915 | 5.762861695411877  | 57.92332823924529  |
|  382  | 63.252540189302884 | 5.741273672152788  | 57.511266060853615 |
|  383  | 63.22254655886919  | 5.819493209643242  | 57.40305280245268  |
|  384  | 62.36024930905073  | 5.7888016783885465 |  56.5714476952186  |
|  385  | 62.38312012501252  | 5.785715333498441  | 56.59740455431816  |
|  386  | 62.70486071073092  | 5.790912744081937  | 56.91394627106495  |
|  387  | 62.43149252867087  | 5.709856152167687  | 56.721636512951974 |
|  388  | 62.85078839424329  |  5.74190722979032  | 57.108882375863885 |
|  389  | 62.955227794158155 | 5.723820036863669  | 57.23140755677834  |
|  390  | 63.577029301570015 | 5.746953957386506  | 57.830076771271536 |
|  391  | 63.37665619678987  | 5.7600033539992115 | 57.616653172419625 |
|  392  | 63.214242236797624 | 5.744327232654278  | 57.469915059407555 |
|  393  | 62.76990216377454  | 5.834228601700221  | 56.93567468887721  |
|  394  | 63.268710471911305 | 5.714351588029128  | 57.55435978424855  |
|  395  | 62.53657869779147  | 5.8102039532783705 | 56.72637458996895  |
|  396  | 62.521522169846754 | 5.746570191994691  | 56.77495179005158  |
|  397  | 62.45029579358223  | 5.768011966118446  | 56.682283724271336 |
|  398  |   62.56360742031   | 5.795826012538029  | 56.767781755496294 |
|  399  | 62.52325174184946  | 5.777113699790759  | 56.74613764053736  |
|  400  | 62.903167259020684 | 5.761189549274934  | 57.14197733952449  |
|  401  | 63.57833759796925  | 5.7264918092580945 | 57.851844971485626 |
|  402  | 62.494493564703525 | 5.776979809785501  |  56.7175139441857  |
|  403  | 62.66866910494291  | 5.736223592024583  | 56.93244481013372  |
|  404  | 63.317838698167066 | 5.654453320136437  | 57.663385510566904 |
|  405  | 63.361958520351315 | 5.717397508865748  | 57.644561748015576 |
|  406  | 62.41322962051783  | 5.721998330140726  | 56.69123001098633  |
|  407  | 62.77895044180063  | 5.717067562005458  | 57.06188206599309  |
|  408  | 62.975633936172876 | 5.691325610723251  | 57.284307959140875 |
|  409  | 63.22191283397186  | 5.670840265812018  | 57.55107404268705  |
|  410  | 63.05865096263396  | 5.645774588462634  | 57.412877201178134 |
|  411  | 63.19070117657001  | 5.7625025333502355 | 57.42819817567483  |
|  412  | 63.321963500976565 | 5.664879356286464  | 57.65708376370944  |
|  413  | 62.70993354210487  | 5.724797480167487  | 56.98513581496019  |
|  414  | 63.05190141335512  |   5.675948071113   | 57.37595181978666  |
|  415  | 62.62501467582507  | 5.695518724490435  | 56.92949613913512  |
|  416  |  62.451840624687   | 5.666017067738069  | 56.785823481633116 |
|  417  | 63.04919303307167  | 5.615373774308424  |  57.433820507343   |
|  418  | 62.85287591396234  | 5.686539552639692  | 57.16633670904697  |
|  419  | 62.65941584660457  | 5.657900664011637  | 57.00151599981846  |
|  420  | 63.132143953763524 | 5.649699879181691  |  57.4824453500601  |
|  421  | 62.50920708289513  | 5.737820780338385  | 56.77138599884816  |
|  422  | 62.796364499605616 | 5.6800185668162815 | 57.11634656465971  |
|  423  | 62.613580662653995 | 5.636073971283741  | 56.97750605265299  |
|  424  | 63.23415797698192  | 5.651119244893392  | 57.58303840832833  |
|  425  | 62.68518307025616  | 5.651672387734438  | 57.033512256328876 |
|  426  | 62.55497302324344  | 5.628165789384108  | 56.92680777134039  |
|  427  | 62.57004754482171  | 5.671275016589043  | 56.898772594745346 |
|  428  |  62.5656183995956  | 5.659897542611146  | 56.905719518416966 |
|  429  | 62.61420990381485  | 5.634146470779028  | 56.980063233986876 |
|  430  | 62.16662753374148  | 5.6609934200384675 | 56.505634671724756 |
|  431  | 62.935989782871346 | 5.609418843098176  | 57.32657217172476  |
|  432  | 62.55338606223082  | 5.645759065579146  | 56.90762700398763  |
|  433  | 63.02872694749099  | 5.668123617416773  | 57.36060367682041  |
|  434  | 63.98618094811073  | 5.6671697528545675 | 58.31901097224309  |
|  435  | 62.907065860063604 | 5.649479200412066  | 57.257586333446014 |
|  436  | 62.26667337662134  | 5.673285659398788  | 56.593387721135066 |
|  437  | 62.839588521321616 | 5.652070466066018  | 57.187516698592745 |
|  438  | 62.86550010485527  | 5.6722829867631965 | 57.19321745652419  |
|  439  | 62.228826841696716 | 5.613752101017878  | 56.61507589486929  |
|  440  | 62.940819087884364 | 5.637844848632812  | 57.302973171136316 |
|  441  | 63.088729831010866 | 5.631072326562344  | 57.45765739245292  |
|  442  | 62.93224981454703  | 5.6662788004752915 | 57.265970572447166 |
|  443  | 62.52190796289688  | 5.633876801515237  | 56.888031518398186 |
|  444  | 63.01964884440104  | 5.6422696363008935 | 57.37737934992864  |
|  445  | 62.534354670597956 | 5.664083807529547  | 56.87027083568084  |
|  446  | 63.117993347950474 | 5.634927826416798  | 57.483065451597554 |
|  447  | 62.29747877072065  |  5.66609284669925  | 56.63138676570012  |
|  448  | 62.98029852842673  | 5.681183213454027  | 57.29911412556966  |
|  449  |  62.7599082829402  | 5.686161356216822  | 57.07374655307868  |
|  450  | 62.32609340569912  | 5.688156233567458  | 56.63793701563126  |
|  451  | 62.261302153758514 | 5.6663119022662825 | 56.59499080560146  |
|  452  | 62.986793463291264 | 5.649425177451892  | 57.33736866486378  |
|  453  | 62.073178010598205 |  5.61800374300052  | 56.45517352373172  |
|  454  | 63.11904551970653  | 5.634180362897042  | 57.484864932329224 |
|  455  | 63.052718001145585 | 5.654376556200859  | 57.39834174522987  |
|  456  | 61.77888052915915  | 5.636085565029046  | 56.14279537494366  |
|  457  | 62.51711126082983  | 5.669922989087227  | 56.84718756260016  |
|  458  | 62.53453110914964  | 5.622389175708477  | 56.91214053031726  |
|  459  | 62.56867406991812  | 5.676890640747853  | 56.89178464449369  |
|  460  | 62.62291361490885  | 5.642069202325283  | 56.980843709309895 |
|  461  | 62.810852919358474 | 5.5921440628247385 | 57.21870873866937  |
|  462  | 62.604241571670926 | 5.620137556516207  | 56.984103002303684 |
|  463  | 62.40324829492813  | 5.624878511184301  | 56.77837043566581  |
|  464  | 62.57173798389924  | 5.639194726210374  | 56.932543182373045 |
|  465  | 62.79112766363682  | 5.611757670182448  | 57.179369518573466 |
|  466  | 62.990108658228166 | 5.701123297275641  | 57.288986358642575 |
|  467  | 62.29493768936548  | 5.703468582446758  | 56.59146948789939  |
|  468  |  62.675678124061   | 5.640243140000563  | 57.03543681218074  |
|  469  | 62.08544791588417  | 5.626694724254119  | 56.458753270858374 |
|  470  | 62.70898391332382  | 5.625780424460387  | 57.083204048352364 |
|  471  | 63.25589720114684  | 5.653857394976494  | 57.602039986634864 |
|  472  | 62.78547607030624  | 5.666705182393392  | 57.118770090738934 |
|  473  | 62.21371797219301  | 5.646089063302065  | 56.56762918325571  |
|  474  | 62.399239083314555 |  5.58907223823743  | 56.810166563376406 |
|  475  | 62.373928500444464 | 5.673868838090163  | 56.700059415377105 |
|  476  | 62.75909685966296  | 5.621386357331887  | 57.137710371751055 |
|  477  | 62.912816404684996 | 5.636309344951923  | 57.276507372733874 |
|  478  | 62.52313637757913  |  5.59831805498172  | 56.92481729360727  |
|  479  | 62.62935652121519  | 5.600361862182617  | 57.02899418757512  |
|  480  | 62.41259705763597  | 5.651010102981176  | 56.76158597506009  |
|  481  | 62.42852947528546  | 5.616197642301902  | 56.812331276918066 |
|  482  | 62.48941180889423  | 5.595226076566256  | 56.89418469551282  |
|  483  | 62.54390098376152  | 5.645293120359763  | 56.898607099484174 |
|  484  | 62.823732006366434 | 5.648989949837709  | 57.17474212646484  |
|  485  | 62.62625047341371  |  5.68135248037485  | 56.94489726922451  |
|  486  | 62.49358417217548  |  5.64941851249108  | 56.84416479257437  |
|  487  | 62.366524290427186 | 5.634244742271227  | 56.732280089549526 |
|  488  |  62.0284180078751  | 5.664383979699551  | 56.36403455294096  |
|  489  | 62.33043497721354  | 5.700401332561786  | 56.63003397232447  |
|  490  | 63.55559547619942  | 5.619177811940511  | 57.93641768626678  |
|  491  | 62.260033952761916 | 5.633117209703494  | 56.62691696949494  |
|  492  | 62.60082046117538  | 5.572346824743809  | 57.02847470405774  |
|  493  | 62.32996884859525  | 5.568324605501615  | 56.76164491311098  |
|  494  | 63.37526115221855  | 5.618663949721899  |  57.7565971491887  |
|  495  | 62.83032843565329  | 5.636415224319849  | 57.19391194270207  |
|  496  | 62.39757178673377  | 5.612136282798572  | 56.78543560321514  |
|  497  | 62.44663905217097  | 5.594073038834792  | 56.85256587884365  |
|  498  | 62.625332402938454 | 5.625950668530586  | 56.99938219119341  |
|  499  |  61.8339528127817  | 5.612684566791241  | 56.22126943734976  |
|  500  |  62.1815141022511  | 5.637251726297232  | 56.54426249577449  |
|  501  | 62.66235594920623  | 5.625929403060522  |  57.036426955003   |
|  502  | 62.23112287081205  | 5.567254815223889  | 56.663867770463995 |
|  503  | 62.80906816922701  | 5.674091949951954  | 57.134977025741186 |
|  504  | 62.203632186498396 | 5.6522101602798855 | 56.55142222086589  |
|  505  | 62.807457463191106 | 5.656554322365003  | 57.150902584760615 |
|  506  | 62.90166521903796  | 5.672748931493515  | 57.228915596986425 |
|  507  | 62.333800980005506 | 5.619966228680733  | 56.71383369641426  |
|  508  | 62.85888224283854  | 5.649420306376922  | 57.209461912497495 |
|  509  | 62.091339228703426 | 5.665965187855256  | 56.425374646309095 |
|  510  |  62.8139064847506  | 5.598242532289945  | 57.21566447722606  |
|  511  |  62.5163936321552  | 5.676498480087671  | 56.83989489041842  |
|  512  | 62.188528223282255 | 5.653606335566594  |  56.5349217184996  |
|  513  | 62.20858698527018  | 5.617115479493752  | 56.591471268091446 |
|  514  | 62.712270711263024 | 5.659035279689691  | 57.053235790546125 |
|  515  | 62.60885257427509  | 5.641333749233148  | 56.967518572685044 |
|  516  | 62.44637731307592  | 5.618027326143705  |  56.8283493354993  |
|  517  | 61.86943123450646  | 5.614703820546468  | 56.25472692245092  |
|  518  | 62.39098221998948  |  5.57465583605644  | 56.81632541754307  |
|  519  | 62.282598532652244 | 5.602635533259465  | 56.67996246337891  |
|  520  | 62.57082249176808  | 5.582124150594075  | 56.98869959513346  |
|  521  |  62.5771046486879  | 5.569903373229198  | 57.00720145592323  |
|  522  | 62.18147604526617  | 5.558653163420848  | 56.62282316158979  |
|  523  | 62.391861658340844 | 5.578451308715038  | 56.81341057019356  |
|  524  | 62.02982766958383  | 5.574259824997339  | 56.45556891416892  |
|  525  | 62.20989247639974  | 5.5903494688180775 | 56.61954119560046  |
|  526  | 62.87914949074769  |  5.56405398833446  | 57.31509493705554  |
|  527  | 62.06767844566932  | 5.540317170558832  | 56.52736219748473  |
|  528  | 62.69999858367137  | 5.5641865480863135 | 57.13581219795422  |
|  529  | 62.643153248322314 | 5.548115565960224  | 57.09503836216071  |
|  530  |  62.1329857811561  | 5.5063879800454165 | 56.62659878070538  |
|  531  | 62.51964925912711  | 5.510514579675136  | 57.00913542527419  |
|  532  | 62.108734361697465 | 5.534383627084585  | 56.574351333226915 |
|  533  | 61.90367145244892  | 5.5738029137635845 | 56.32986768282377  |
|  534  | 62.160812464004906 | 5.564296657855694  | 56.596514927790714 |
|  535  | 62.48180049015925  | 5.576524629348364  | 56.90527691963391  |
|  536  | 62.31296392587515  | 5.582426088284223  | 56.73053705851237  |
|  537  | 62.42332169752854  | 5.519683250525059  | 56.90363888862805  |
|  538  | 62.078807251759066 | 5.542225388257932  |  56.5365821877504  |
|  539  | 62.73106850648538  | 5.517070664136837  | 57.21399719238281  |
|  540  | 62.67275896903796  | 5.549003315460988  | 57.12375493367513  |
|  541  | 62.23021684695513  | 5.593264593466734  | 56.63695111005734  |
|  542  | 62.10948840410281  | 5.509473546835093  | 56.60001550527719  |
|  543  | 62.45183503371019  | 5.509713829725216  |  56.942122071095   |
|  544  | 61.75670804928511  | 5.542702988355588  | 56.214005514291614 |
|  545  | 61.91965033897987  | 5.480780066954784  | 56.438870575733674 |
|  546  | 62.680469399476664 | 5.5191589423937675 | 57.16130938016451  |
|  547  | 62.427597851875504 | 5.518185186630641  | 56.90941133939303  |
|  548  | 62.69473085061098  | 5.491089969048133  | 57.20364018366887  |
|  549  | 62.54688038361378  | 5.5228055777916545 | 57.02407513349484  |
|  550  | 62.62520563370142  | 5.4972654450245395 | 57.12794221535707  |
|  551  | 62.11764027130909  | 5.518246618906657  | 56.599393361409504 |
|  552  |  62.1498859777206  | 5.551997684576572  | 56.59788857484475  |
|  553  | 62.12976428300907  | 5.527180412977169  | 56.60258401724008  |
|  554  | 62.025966749924876 | 5.5232863372411485 | 56.50268048799955  |
|  555  | 62.19526135958158  | 5.524586553329076  | 56.67067468105218  |
|  556  | 61.765982853816105 | 5.541544232001671  | 56.224438844338444 |
|  557  | 62.13953885591947  | 5.506370414342635  | 56.63316818237305  |
|  558  | 62.20409227420122  | 5.513003793374086  | 56.69108756432166  |
|  559  | 62.69142018244817  | 5.517709996639154  | 57.173710679274336 |
|  560  | 62.03486521794246  | 5.515030426123204  | 56.51983475513947  |
|  561  | 61.80584744966947  | 5.464746175423646  | 56.34110028389173  |
|  562  | 62.582054623334834 | 5.488824625259791  | 57.09323003133138  |
|  563  | 61.87113290640024  | 5.540695958259779  | 56.33043743426983  |
|  564  | 62.58324926131811  | 5.531496618221968  | 57.05175268711188  |
|  565  | 62.633927322778945 |  5.50327056542421  | 57.13065586970403  |
|  566  | 62.69045842488607  | 5.523496254651975  | 57.166962131598055 |
|  567  | 62.09923059316782  | 5.530899443993202  | 56.56833113450271  |
|  568  | 62.51365914760492  | 5.479012687389667  | 57.034647185496794 |
|  569  | 62.150987200614736 | 5.469502206460024  | 56.68148594391651  |
|  570  | 62.85301122812125  | 5.5000289956117285 | 57.352981919508714 |
|  571  | 62.653987281994944 | 5.492800494952079  | 57.16118743113982  |
|  572  | 62.89933471679687  | 5.526891676095816  | 57.37244399633163  |
|  573  | 62.27853594266451  | 5.511597891098414  | 56.76693889520107  |
|  574  | 62.291656149839746 | 5.509215437082144  |  56.7824419540014  |
|  575  | 61.855511576334635 | 5.510583923046405  | 56.344927833752756 |
|  576  | 62.356804934770636 | 5.537534264295529  |  56.8192706650954  |
|  577  | 62.492064146384216 | 5.5260964838663735 | 56.965965736584785 |
|  578  | 62.082845329871546 | 5.465400030185015  | 56.61744608561198  |
|  579  | 62.49307882064428  | 5.4856815039805875 | 57.00739772698818  |
|  580  | 61.955411568666115 | 5.515394982068966  | 56.440018427922176 |
|  581  | 62.363965536264274 | 5.4634410036527195 | 56.90052462846805  |
|  582  | 62.122564544677736 | 5.539230477748773  | 56.583334374060996 |
|  583  | 62.01177232791216  | 5.494208987309382  | 56.51756314008664  |
|  584  | 62.413839095678085 | 5.551049913259653  |  56.862788281563   |
|  585  | 62.47931869898087  | 5.549618142445882  |  56.9297006264711  |
|  586  | 62.174398686335635 | 5.468904518225254  | 56.705493422288164 |
|  587  | 62.43581153282752  |  5.47660423327715  | 56.959206668169074 |
|  588  | 62.34022983257587  | 5.497104938702706  | 56.84312514476287  |
|  589  | 62.19582889654698  | 5.500863262078701  | 56.694966074625654 |
|  590  | 61.98258594610752  | 5.539934839101938  | 56.44265089377379  |
|  591  | 61.99911600357447  | 5.5367170187143175 | 56.46239914722932  |
|  592  |  62.5986721488757  | 5.522414878453964  | 57.07625650259165  |
|  593  | 61.82972728631435  | 5.500470962524414  |  56.329255664532   |
|  594  | 62.38552598610902  |  5.53728426859929  | 56.84824252006335  |
|  595  | 62.46116261017628  | 5.4705953700725845 | 56.990567842141175 |
|  596  | 62.54744585086138  | 5.470142094049698  | 57.07730492616311  |
|  597  | 61.839212505634016 | 5.5342065772032125 | 56.30500656519181  |
|  598  | 62.11087604229267  |  5.4668705030588   | 56.644004590939254 |
|  599  |  62.4479562495305  | 5.513303302373641  | 56.93465307382437  |
|  600  | 62.06542368570963  | 5.529948600377792  | 56.535473280686595 |
|  601  | 62.20239681146084  | 5.503017244094457  | 56.69938015277569  |
|  602  | 61.57455512022361  | 5.502274895692483  | 56.07228019127479  |
|  603  | 61.76909143692408  |  5.51640571692051  | 56.25268567990034  |
|  604  | 61.446204861371946 | 5.535744067950127  | 55.91046079195463  |
|  605  | 62.98299659924629  | 5.482924449627216  | 57.50007291744917  |
|  606  | 61.897687170566655 | 5.521633369739239  | 56.37605370545999  |
|  607  | 63.09873780079377  | 5.5445133668948445 | 57.55422529954177  |
|  608  | 62.30398720765725  | 5.531307268876295  | 56.77267979157276  |
|  609  | 62.34312144744091  | 5.557226960108831  | 56.78589470105293  |
|  610  | 61.90314612364158  | 5.496183582208095  | 56.406961896847456 |
|  611  | 62.385943939991485 | 5.535348421243521  | 56.850595010610725 |
|  612  | 62.17371299156776  | 5.476858162513146  | 56.696854017208786 |
|  613  | 61.875706701034154 | 5.533477631104298  | 56.34222941080729  |
|  614  | 61.956395365397135 | 5.563679492167937  | 56.39271713256836  |
|  615  | 62.153209169827974 | 5.489789363665459  | 56.66342059404422  |
|  616  | 62.510079298753006 | 5.548086052429982  |  56.9619934395032  |
|  617  | 62.16164817614433  | 5.558838144938151  | 56.60280919001653  |
|  618  | 62.681349186041416 | 5.512145158816606  | 57.16920512272761  |
|  619  |  61.9886385169396  |  5.52738759358724  |  56.4612519523425  |
|  620  | 62.525327821389226 | 5.444551834204258  | 57.08077585073618  |
|  621  | 62.281604982033755 | 5.5170364971649954 | 56.76456825451973  |
|  622  | 61.91665319980719  | 5.537721293522761  | 56.37893175174028  |
|  623  | 62.009095967610676 |  5.49332064750867  | 56.51577502910907  |
|  624  | 61.88722314296625  | 5.512962544270051  | 56.37426107162084  |
|  625  | 62.72432107387445  | 5.469570293915577  | 57.25475198599008  |
|  626  | 62.55886867425381  |  5.5094263282189   | 57.04944376236353  |
|  627  | 62.387283728183846 | 5.487376615084135  |  56.8999078916892  |
|  628  | 62.358173104310644 | 5.521508618379251  | 56.83666415092273  |
|  629  | 62.20357931675055  | 5.538494759095021  | 56.66508293738732  |
|  630  | 62.00808772160457  | 5.524888388315836  | 56.48319991674179  |
|  631  | 62.80960952758789  | 5.516724504324106  | 57.29288529224885  |
|  632  | 61.81431272066556  |  5.55881441116333  | 56.25549781994942  |
|  633  | 61.54092482346755  |  5.56614445515168  | 55.974778696695964 |
|  634  | 62.19688516470102  | 5.560034785637488  | 56.636851384089546 |
|  635  | 62.288821360270184 | 5.590127201080322  | 56.69869372636844  |
|  636  | 62.31124516413762  | 5.5271324661450505 | 56.78411239232772  |
|  637  | 62.09079439212115  | 5.536202993637477  | 56.55459083361504  |
|  638  | 61.70051296527569  | 5.565138405041817  | 56.13537446633364  |
|  639  | 62.59162807366787  | 5.511460046034593  | 57.08016810881786  |
|  640  |  62.5090204679049  | 5.540828088124593  | 56.968191790458484 |
|  641  | 62.21704991658529  | 5.538349288060115  | 56.67870057326097  |
|  642  | 62.051277704483425 | 5.468946347847963  | 56.58233153514373  |
|  643  | 62.42648990728916  | 5.499445056915283  | 56.927043738731975 |
|  644  | 62.52176899445362  | 5.448899085705097  | 57.07287126590044  |
|  645  | 61.57371739705404  |  5.46782989355234  | 56.10588840582432  |
|  646  | 62.38853216709235  | 5.422216676076253  | 56.96631482246595  |
|  647  | 62.29170608129257  | 5.518545759152143  | 56.77315973135141  |
|  648  | 62.66485006479117  | 5.506903775043977  | 57.15794683994391  |
|  649  | 62.029664279253055 | 5.469976102388822  | 56.55968746478741  |
|  650  | 62.41196278889974  | 5.449329506311662  | 56.96263351831681  |
|  651  | 61.96717567248222  | 5.455727829077305  | 56.511447241367435 |
|  652  | 62.22269987839919  | 5.456009716620812  | 56.76669007521409  |
|  653  | 61.685279497978016 | 5.4381748698307915 | 56.24710327148438  |
|  654  | 62.09053016466972  | 5.458738882602789  |  56.6317903137207  |
|  655  | 61.57419869056115  | 5.451125975388747  | 56.12307221241486  |
|  656  | 62.08333647116637  | 5.449424099066318  | 56.633912236140326 |
|  657  | 61.42187310634515  |  5.48951438561464  | 55.93235818324945  |
|  658  | 61.984889483329574 | 5.439942104633038  | 56.54494857005584  |
|  659  | 62.195811435014775 | 5.415821713178586  | 56.77998903714693  |
|  660  | 61.79068313989884  | 5.489637769063314  | 56.301045575264176 |
|  661  |  62.0346995700934  |  5.44799016218919  | 56.586710083790315 |
|  662  | 61.93963461460211  | 5.468917782123272  | 56.47071645492162  |
|  663  | 62.760718970665565 | 5.407329279581706  | 57.35339074941782  |
|  664  | 61.90392491267278  | 5.454494646512545  | 56.449429426926834 |
|  665  | 62.246441822541065 | 5.403785191071339  | 56.842656316512674 |
|  666  | 61.760342908027845 | 5.398084321633363  | 56.36225992838542  |
|  667  | 62.09150959895207  | 5.430300498375526  | 56.661209881122296 |
|  668  | 61.632404526930586 | 5.384256676893968  | 56.248147559532754 |
|  669  | 61.95970250447591  | 5.404462939042311  | 56.55524079542894  |
|  670  | 62.09919939481295  | 5.414348146976569  | 56.68485108204377  |
|  671  | 61.35440517327724  | 5.430222890315911  |  55.9241823049692  |
|  672  | 61.434614042624446 | 5.453638466566037  | 55.980975099221254 |
|  673  | 62.47327646108774  | 5.397758935781626  | 57.07551774245042  |
|  674  | 61.702755690354564 | 5.426691638750908  | 56.27606423402444  |
|  675  | 61.89325804099059  | 5.4328807869935645 | 56.46037641085111  |
|  676  | 62.389966399363985 | 5.430052084311461  | 56.95991452339368  |
|  677  | 62.07684976822291  | 5.433069662436461  | 56.64377968421349  |
|  678  | 62.16757860232622  | 5.433713542742607  | 56.73386473044371  |
|  679  | 62.538258455716644 | 5.443209501902262  | 57.09504884377504  |
|  680  | 61.81667966402494  | 5.4402330540388055 | 56.37644583677634  |
|  681  | 61.41398823273487  | 5.421560926681909  | 55.992428033290764 |
|  682  | 61.99983055310371  | 5.437789697402563  | 56.56204090607472  |
|  683  | 62.10091716277294  | 5.434190947703826  | 56.66672568296775  |
|  684  | 62.07363953419221  |  5.37167116409693  | 56.701968935452975 |
|  685  | 61.45326478615785  |  5.39378800025353  | 56.05947553194486  |
|  686  | 62.097954927102116 |  5.42163315993089  | 56.67632192367162  |
|  687  |  61.7502831248748  | 5.401583710694925  | 56.34869808881711  |
|  688  | 61.29233502901518  | 5.426919134091109  | 55.865415845039564 |
|  689  | 61.88716486221705  | 5.3966133230160445 | 56.49055163652469  |
|  690  | 61.90471281002729  | 5.401576509231176  | 56.503135638114735 |
|  691  | 62.12030483148037  | 5.4625247441805325 | 56.65778015919221  |
|  692  | 62.149813134609126 | 5.416853672907902  | 56.732959496913814 |
|  693  | 61.75014891013121  | 5.404481691213754  | 56.345667485946265 |
|  694  | 62.13424764388647  | 5.353662347059983  | 56.78058574578701  |
|  695  | 62.11275460658929  | 5.373882896716778  | 56.73887075962165  |
|  696  | 62.138146448379906 |  5.40838515501756  | 56.72976156772712  |
|  697  | 61.50310600476387  | 5.398741478064121  | 56.10436537913787  |
|  698  | 62.17889327611679  | 5.439034716288249  | 56.73985936091496  |
|  699  | 62.17478208101713  | 5.420050472846398  | 56.75473151573768  |
|  700  | 61.942213831192404 | 5.462528481116662  | 56.47968497251853  |
|  701  | 62.59206607916416  | 5.402004552987906  | 57.190061841133314 |
|  702  | 62.11359628139398  | 5.405541607294327  | 56.70805444961939  |
|  703  |  62.8693123450646  |  5.40999366515722  | 57.45931815905449  |
|  704  | 61.544396585317756 | 5.449253425598145  | 56.095143205691606 |
|  705  | 62.406327248597755 | 5.3695858891805015 | 57.03674084394406  |
|  706  | 62.24355283297025  | 5.434288278237367  | 56.809263849502955 |
|  707  | 61.375886746920074 | 5.444625384501922  | 55.93126131106646  |
|  708  | 62.11349063579853  | 5.411746183053041  | 56.70174459995368  |
|  709  |  62.3767291807517  | 5.410569026653583  | 56.966160203982625 |
|  710  | 62.13969850980318  | 5.396677009875958  | 56.74302239833734  |
|  711  | 61.93475354316907  | 5.405147052178016  | 56.52960717616937  |
|  712  | 61.87816126896785  | 5.454197674775735  | 56.42396413167318  |
|  713  | 62.12855068500225  | 5.387623469523894  | 56.740926771897534 |
|  714  | 61.517018620417666 | 5.408980122101613  | 56.108039030417416 |
|  715  | 61.60642738537911  | 5.420993572626358  | 56.18543326744666  |
|  716  | 62.45587127685547  | 5.435975323212452  | 57.01989669017303  |
|  717  | 62.27097122192383  | 5.408133680881598  | 56.86283721532577  |
|  718  |  61.9177092566857  | 5.417404638437125  |  56.5003041820037  |
|  719  | 61.720013095171026 |  5.39683823023087  | 56.32317533444136  |
|  720  | 62.43783270028921  | 5.428588401598808  | 57.00924276498648  |
|  721  |  62.0147889826848  | 5.388694604726938  | 56.62609422341371  |
|  722  | 62.09887936714368  | 5.445141450930865  | 56.65373665834085  |
|  723  | 61.52774458665114  | 5.3679744974772134 | 56.15977005787385  |
|  724  | 61.986239514473155 | 5.392931680923853  | 56.593308582794975 |
|  725  | 61.52122812124399  | 5.371746551318046  | 56.149481459397535 |
|  726  | 61.742628737229566 | 5.435525136116223  | 56.30710439437475  |
|  727  | 61.77668497330103  | 5.460524111527663  | 56.316160892584385 |
|  728  | 62.290321279672476 | 5.3796913714286605 | 56.910630724002154 |
|  729  | 61.88071730002379  | 5.443371444115272  | 56.437345929268076 |
|  730  | 61.89983340532352  | 5.407110058222061  | 56.49272284092047  |
|  731  | 61.95174485426683  | 5.429752837450076  | 56.52199219532502  |
|  732  | 62.005594779772636 | 5.454090996766702  | 56.55150356586163  |
|  733  | 61.818246632111375 | 5.397503732534555  | 56.42074421418019  |
|  734  | 62.35829445080879  | 5.536776113754664  | 56.82151798737355  |
|  735  |  62.104680273594   | 5.476419334411621  | 56.628260768010065 |
|  736  |  61.9750587502504  | 5.410873031127148  | 56.564185286301836 |
|  737  | 62.18665721012996  | 5.386097851777688  | 56.800559492844805 |
|  738  | 61.78694584773137  | 5.441590163891132  | 56.345356863951075 |
|  739  | 61.81931213378906  | 5.446556628789657  | 56.37275646111904  |
|  740  | 62.13224283462916  | 5.448958613566863  | 56.683284274370244 |
|  741  | 61.76825076372196  | 5.430431915674454  | 56.337818313989885 |
|  742  | 61.836873528896234 | 5.4207043153811725 | 56.41616989135742  |
|  743  |  61.9113450779059  | 5.409065745916122  | 56.50227807069436  |
|  744  | 61.84234322572366  | 5.426835111960386  | 56.415507511236726 |
|  745  | 61.86230602557843  | 5.445941948523888  | 56.41636439396785  |
|  746  | 62.32692184448242  | 5.372590885651417  | 56.95433249449118  |
|  747  | 62.01145685049204  | 5.379426040649414  | 56.632031433887974 |
|  748  | 62.51816912137545  | 5.394657553648337  | 57.12351134862655  |
|  749  | 62.34557013878455  |  5.40064934363732  | 56.944921080760466 |
|  750  | 62.16049562894381  | 5.401233542515682  | 56.75926248403696  |
|  751  | 61.78772693731846  |  5.4135288135822   | 56.37419866708609  |
|  752  | 61.75461071699093  | 5.369351402184902  | 56.38525855822441  |
|  753  | 61.957863151354665 | 5.427151297055758  | 56.530712049435344 |
|  754  | 61.51507868057642  | 5.432937588813977  | 56.08214150061974  |
|  755  | 61.81920358902369  | 5.408668891222049  |  56.4105352744078  |
|  756  | 62.05481474656325  | 5.4284615594912795 | 56.62635235126202  |
|  757  | 62.10678403022962  | 5.410747563288762  | 56.69603650215345  |
|  758  | 62.49898475451347  | 5.415711085490691  | 57.083272662040514 |
|  759  | 62.295629174648184 | 5.392975058922401  | 56.90265236096504  |
|  760  | 61.925188872508514 | 5.369085034101437  |  56.5561038677509  |
|  761  | 62.26737304296249  |  5.47551207224528  | 56.79186082888872  |
|  762  | 62.03528501461714  | 5.446742766942734  |  56.5885425000313  |
|  763  |  61.6221783995017  |  5.44915957622039  | 56.173018873165816 |
|  764  | 61.70263665614984  | 5.423622204707219  | 56.27901409442608  |
|  765  | 61.52115890894181  | 5.4782039104363855 | 56.042953761174125 |
|  766  | 62.374788329295626 | 5.441372005756085  | 56.933415570381364 |
|  767  | 62.015228013258714 | 5.4090929789420885 | 56.60613508958083  |
|  768  | 61.83355780968299  | 5.442977360456418  | 56.390579967009714 |
|  769  |  61.9042028495593  |  5.40320018963936  | 56.50100208380283  |
|  770  | 61.65568904778896  | 5.432668406657683  | 56.223019761305586 |
|  771  | 61.63731710189428  | 5.409685326111623  | 56.22763215285081  |
|  772  |  61.6737159376878  |  5.44920750104464  | 56.22450712546324  |
|  773  | 62.470792541503904 | 5.367064382112943  | 57.103728485107425 |
|  774  | 62.247971739157656 | 5.391280495081192  | 56.85668962527544  |
|  775  | 61.88971249311398  | 5.373761741442558  | 56.51595088078425  |
|  776  | 62.31231526692709  | 5.356062894478822  | 56.95625318087064  |
|  777  | 62.12358126518054  | 5.377450658847124  | 56.746131149683244 |
|  778  | 62.012084366235975 | 5.389039593721048  | 56.62304490309495  |
|  779  | 61.60608110868014  | 5.412859874627529  | 56.193220950395634 |
|  780  | 61.965628110445465 | 5.394988184219752  | 56.570640454414566 |
|  781  | 61.30858115954277  | 5.432791410592886  | 55.87578941932092  |
|  782  | 61.83324296217698  |  5.41894071774605  | 56.41430089706029  |
|  783  | 62.016363556690706 | 5.3569005980858435 |  56.6594630471254  |
|  784  | 61.91099571814904  | 5.4088067015623436 | 56.50218877939078  |
|  785  | 61.90376922607422  | 5.428095894348927  | 56.47567275218474  |
|  786  | 62.02152855115059  | 5.327784754435221  |  56.6937444520608  |
|  787  | 61.66422655545748  | 5.364027004731007  | 56.30020006619967  |
|  788  | 61.76677597045899  | 5.355712333092323  | 56.41106291942107  |
|  789  | 61.85285726302709  | 5.383035876445281  | 56.46982151911809  |
|  790  | 61.74371168478941  | 5.384319027142647  | 56.35939366267278  |
|  791  | 62.01663918910882  | 5.426290662227533  | 56.59034900763096  |
|  792  | 61.52879772479717  |  5.32165774223132  | 56.20714022514148  |
|  793  | 61.77378442226312  | 5.369021937541473  | 56.404762013753256 |
|  794  | 62.024938518817606 | 5.363080792549329  | 56.661858637883114 |
|  795  | 62.02063454652444  | 5.339569773551745  | 56.68106450790014  |
|  796  | 62.544062339587086 | 5.372814793708997  | 57.17124856410882  |
|  797  | 61.75933411427033  | 5.372702223459879  | 56.386632737379806 |
|  798  | 62.13383315648788  | 5.356439823248447  | 56.77739395532853  |
|  799  | 61.63565201196915  | 5.351702035268148  | 56.28394917023488  |
|  800  | 61.83330830500676  | 5.378414591275729  | 56.454893920115936 |
|  801  | 61.279835029015175 | 5.346569780203012  | 55.93326476268279  |
|  802  | 62.10935330513196  | 5.308805949871356  | 56.80054749317658  |
|  803  | 61.686643665020284 | 5.324243439894456  | 56.362400504870294 |
|  804  | 61.137088889097555 | 5.349964034740742  | 55.78712522457808  |
|  805  | 61.941165669759116 | 5.381561310107891  | 56.55960455087515  |
|  806  | 61.530835309150895 | 5.3436384988442445 | 56.18719635401017  |
|  807  | 61.486930538079676 | 5.367445318270952  | 56.11948559883313  |
|  808  | 61.348077599941156 | 5.341110584552472  | 56.00696855985201  |
|  809  | 61.500194381322615 | 5.352551937592335  | 56.14764198890099  |
|  810  | 62.01446835248898  | 5.345110413477971  | 56.66935627081455  |
|  811  | 61.64158746572641  | 5.370844242389386  | 56.27074374076648  |
|  812  | 61.68460067357773  | 5.317358827835474  | 56.36724173912635  |
|  813  |  60.6035825015337  | 5.3860990998683835 | 55.217484381260014 |
|  814  | 61.652750701904296 | 5.349902679247734  | 56.30284800211589  |
|  815  | 62.26702764266577  | 5.319778260451097  | 56.94724844516852  |
|  816  | 61.746607384314906 | 5.349225078484951  | 56.39738170917217  |
|  817  | 62.63820318368765  | 5.370636524787316  |  57.2675679289989  |
|  818  | 62.15349220080253  | 5.341454810607128  | 56.812036817501756 |
|  819  | 61.75537216577774  | 5.361915820195125  | 56.39345661261143  |
|  820  | 61.29099698580228  | 5.3253920794755985 | 55.96560486231095  |
|  821  | 61.99683047954853  | 5.308544719402606  | 56.68828536204803  |
|  822  | 61.513922537779194 | 5.345962641789363  | 56.167959680801786 |
|  823  | 61.48183372301933  | 5.351318434690818  | 56.13051536364433  |
|  824  | 61.53460990710136  | 5.343976351420085  | 56.190632813282505 |
|  825  |  61.8343976964706  | 5.320695108266977  |  56.5137019935021  |
|  826  | 61.82307964618389  | 5.362235077588986  | 56.46084457397461  |
|  827  | 61.99919384296124  | 5.342237112583258  | 56.65695506951748  |
|  828  | 62.02250608786559  |  5.37009855172573  | 56.65240738697541  |
|  829  | 61.754954266670424 | 5.384678194094927  | 56.370277005709134 |
|  830  | 61.58731295854617  | 5.358036474081186  | 56.22927584525866  |
|  831  | 61.980180112398585 |  5.3326871632307   | 56.64749282445663  |
|  832  | 61.434515779935396 | 5.364304001636994  |  56.0702118741549  |
|  833  | 61.62930529080904  | 5.338804134955773  | 56.29050291403746  |
|  834  | 61.672960173778044 |  5.31568927569267  | 56.35727147811498  |
|  835  |  61.5837123420911  | 5.345090446472168  | 56.23862138014573  |
|  836  | 61.69052268395057  |  5.3060112009293   | 56.384512063050884 |
|  837  | 61.56278736603566  | 5.350311298859425  |  56.2124751555614  |
|  838  | 61.64526522905398  | 5.370185012817383  | 56.27507981129182  |
|  839  | 61.58955551538712  | 5.3552236258677945 | 56.23433275662936  |
|  840  | 61.682181032620946 | 5.374687748444386  | 56.307493904309396 |
|  841  |  61.7096823041867  | 5.294422568296775  | 56.415259806315106 |
|  842  | 61.375856984456384 | 5.386075285398043  | 55.989781345465246 |
|  843  | 61.64741507114508  | 5.349778745602339  | 56.29763626098633  |
|  844  | 61.19851808205629  |  5.36049004090138  | 55.83802774673853  |
|  845  | 61.997891923953325 |  5.35466320722531  | 56.64322943662986  |
|  846  | 61.51728159977839  | 5.320681900122227  | 56.196600251809144 |
|  847  | 61.963563733223154 | 5.323596421266213  | 56.63996754964193  |
|  848  | 62.01121846516927  | 5.308575650239602  | 56.70264251317733  |
|  849  | 61.617655647473455 | 5.349600406059852  | 56.268055639022435 |
|  850  | 61.47813658885467  | 5.3512096600654795 | 56.12692648863181  |
|  851  | 61.687415423270984 | 5.370311752710587  |  56.3171041400616  |
|  852  | 61.982930959065754 | 5.329662714738112  | 56.65326729407677  |
|  853  | 62.01533711360051  | 5.266546698350173  | 56.74879058837891  |
|  854  | 62.073624361478366 | 5.357447180136656  | 56.71617782592774  |
|  855  | 61.937758198273485 | 5.376016856951591  | 56.561742041172124 |
|  856  | 61.66858122605544  | 5.352133667774689  | 56.31644834469526  |
|  857  | 61.68775403927534  |  5.37055069556603  | 56.31720300136468  |
|  858  | 61.61415318415715  | 5.4676098329592975 | 56.14654364561423  |
|  859  | 61.76472799839117  | 5.375163547320244  | 56.38956422463441  |
|  860  | 61.72665934244792  | 5.363016062516433  | 56.363644432654745 |
|  861  | 61.32229557135166  | 5.399620102124336  | 55.92267524132362  |
|  862  | 61.40013473119491  | 5.420239606025891  | 55.979895594670225 |
|  863  |  61.5629009775015  | 5.374450781406501  | 56.18844891279171  |
|  864  | 61.386548896202676 | 5.4493220397753594 | 55.93722695766351  |
|  865  | 61.62074163192358  | 5.402040418478159  | 56.21870059282352  |
|  866  | 62.041745507655996 | 5.398793588785025  | 56.64295295910958  |
|  867  | 61.163090233435994 | 5.389598361284305  | 55.773493124154896 |
|  868  | 61.45129660581931  |  5.43960605376806  | 56.01168863932292  |
|  869  | 61.253443826528695 | 5.423372590480707  | 55.83007191193409  |
|  870  | 61.89179895254282  | 5.416863579383263  | 56.47493543575972  |
|  871  | 61.449835576766574 | 5.439708394270677  | 56.01012674967448  |
|  872  | 61.745729197966746 | 5.421825799208421  | 56.32390394161909  |
|  873  |  61.4124499198718  | 5.3974019569005725 | 56.01504895723783  |
|  874  | 61.04602481548603  | 5.421911780039469  | 55.62411283835387  |
|  875  | 62.07250221448067  | 5.442699465629382  | 56.62980205829327  |
|  876  | 61.40357630020533  | 5.3609064850440395 | 56.042668824807194 |
|  877  | 62.188942205967045 | 5.414984874236278  | 56.77395685831706  |
|  878  | 62.07491004748222  | 5.317308688041491  | 56.75760061019506  |
|  879  | 62.37109083518004  |  5.32489109479464  | 57.04619986509665  |
|  880  | 61.26652559720553  | 5.375085940238757  | 55.89143899770883  |
|  881  | 62.061803291516426 | 5.3603272511408875 | 56.70147552098983  |
|  882  | 61.93081502278646  | 5.4633663461147215 | 56.46744871873122  |
|  883  | 62.08491735213842  | 5.368922661023262  | 56.71599400055714  |
|  884  | 61.72496411837064  | 5.375171311696371  | 56.349791983579976 |
|  885  | 61.88449163192358  | 5.3728668589469715 | 56.511624489808696 |
|  886  | 62.25855223044371  | 5.383218559852013  | 56.87533345149114  |
|  887  | 61.826633719419824 | 5.359093398069724  | 56.46753948896359  |
|  888  | 61.29357016147711  | 5.356201224204821  | 55.93736882136418  |
|  889  | 61.20598939162034  | 5.379223984449338  | 55.82676625960912  |
|  890  | 61.196941497020234 | 5.3570817732199645 | 55.839859364827475 |
|  891  | 61.767184248704176 | 5.342853540762877  | 56.424330416948365 |
|  892  | 62.062483528332834 | 5.312399668571277  | 56.75008427937826  |
|  893  | 62.12620675502679  | 5.334427020733173  | 56.791779076991936 |
|  894  | 61.095576711801385 | 5.350068053710155  | 55.74550963181716  |
|  895  | 61.513265044383516 | 5.323412828689967  | 56.18985263922276  |
|  896  | 61.89032524304512  | 5.354464071224897  | 56.53586287278395  |
|  897  |  61.1588266421587  |  5.38294914441231  | 55.775877900734926 |
|  898  |  61.9340673045623  | 5.338803121126615  | 56.595265643780046 |
|  899  | 62.53084443312425  |  5.32156106361976  | 57.20928259042593  |
|  900  | 61.744674369616384 | 5.353461644099309  |  56.3912130072178  |
|  901  | 61.511308949788415 |  5.33256282610771  | 56.178746670453975 |
|  902  |  61.3492139063126  | 5.3445927615043445 | 56.00462150378105  |
|  903  | 61.75961180075621  | 5.328740805601463  | 56.43087205935747  |
|  904  | 62.077738490960535 | 5.3451165345998914 | 56.73262223072541  |
|  905  | 61.35178268041366  |  5.37726794903095  | 55.97451479398287  |
|  906  | 61.89829099997496  | 5.315808813143999  | 56.58248250716772  |
|  907  | 62.02589084331806  |  5.35630526469304  | 56.66958670200446  |
|  908  | 61.54841773791191  | 5.335850286239233  |  56.212567576873   |
|  909  | 61.364468837640224 | 5.346914474780743  | 56.01755393395057  |
|  910  | 61.61321370833959  | 5.3088309948260965 | 56.30438259418194  |
|  911  | 61.59625190930489  | 5.332560554406582  | 56.26369063157302  |
|  912  | 61.461475352751904 | 5.362791872269068  | 56.09868374555539  |
|  913  | 61.94868243486453  | 5.272121302286783  | 56.676561064108824 |
|  914  | 61.37761158087315  | 5.329379511613112  | 56.04823130680965  |
|  915  | 61.58779566838191  | 5.296906792567326  | 56.290888163248695 |
|  916  | 61.93832412328476  | 5.355422477722168  | 56.58290204170423  |
|  917  | 61.69512237940079  | 5.325513499822372  | 56.36960940630008  |
|  918  | 61.578726877065805 | 5.301355522840451  | 56.27737119625776  |
|  919  | 60.96480736365685  | 5.375768184661865  | 55.58903798421224  |
|  920  | 61.767623314490685 | 5.289285486172407  | 56.47833712455554  |
|  921  | 61.33023216834435  | 5.3044119795774805 | 56.02582165057843  |
|  922  | 61.66838846451197  | 5.275735718653753  | 56.39265301435422  |
|  923  | 61.83437455397386  |  5.33970407632681  | 56.49467039841872  |
|  924  |  61.3577010169396  | 5.252622310931866  | 56.105078864464396 |
|  925  | 60.95299061310597  | 5.297190458346636  | 55.655800088735724 |
|  926  | 62.078600217379055 | 5.309685748662704  | 56.76891406719501  |
|  927  | 60.82385642809746  | 5.283467036516239  | 55.540389310396634 |
|  928  | 61.24768296461839  | 5.319243560204139  | 55.92843998444386  |
|  929  | 61.45856134267954  | 5.2930073009393155 | 56.16555442614433  |
|  930  | 61.892972811185395 | 5.305527912531144  | 56.58744481404622  |
|  931  | 61.21588647695688  | 5.2956140459500824 | 55.92027262761043  |
|  932  | 61.36599802261744  | 5.2727785760928425 | 56.09322045350686  |
|  933  | 61.727088650434446 | 5.293366078107785  | 56.433721998165815 |
|  934  | 61.295111455672824 | 5.312885271219107  | 55.98222549047225  |
|  935  | 61.97366639357347  | 5.291041997273763  |  56.6826253920335  |
|  936  | 61.884334841997195 | 5.258443953196208  | 56.625891801883014 |
|  937  | 61.27367858495468  | 5.294409206096943  | 55.97926876752805  |
|  938  | 61.83788163405198  |  5.28315117371388  | 56.554730952336236 |
|  939  | 61.02244837051783  | 5.357095161829239  | 55.665352345002006 |
|  940  |  60.8014408600636  | 5.273397083771535  | 55.52804402669271  |
|  941  | 61.64020282451923  | 5.285877765264266  | 56.35432422735752  |
|  942  | 61.232873171292816 | 5.2970864902398525 | 55.935787063989885 |
|  943  | 61.766016931778346 | 5.314491046025203  | 56.451526716183395 |
|  944  | 61.713530774238784 | 5.310580572959704  | 56.40294986431415  |
|  945  | 61.090214006472856 | 5.2808014136094314 | 55.809413084372494 |
|  946  | 61.93261197994917  | 5.2955403870802655 | 56.63707213964218  |
|  947  | 61.345921642596906 | 5.314540262466822  | 56.03138237977639  |
|  948  | 61.270196830553886 | 5.282953731830304  | 55.98724297156701  |
|  949  | 61.05361647777068  | 5.297854072864239  | 55.755762309539016 |
|  950  | 61.074707970252405 | 5.321413813859989  | 55.75329432560847  |
|  951  | 61.56602926009741  | 5.255535156054375  | 56.31049321883764  |
|  952  | 61.07852143507738  | 5.305502468011318  | 55.773019119653945 |
|  953  | 61.23469255105043  | 5.268400601118039  | 55.96629304152269  |
|  954  | 61.52607696533203  | 5.261980659778302  | 56.264097423064406 |
|  955  | 60.95163662250226  |  5.29916693565173  | 55.652469012920676 |
|  956  | 61.24990609975961  | 5.312244704808944  | 55.93766144972581  |
|  957  | 61.61788013947316  | 5.274463417835725  | 56.34341598901993  |
|  958  | 61.56419428507487  | 5.338127161661784  | 56.22606731316982  |
|  959  | 61.40681112044897  | 5.333655010125576  | 56.073155200664814 |
|  960  | 61.34928470709385  | 5.285383899395282  | 56.06390046339769  |
|  961  | 61.25449295826447  | 5.342393805185954  | 55.91209933158679  |
|  962  | 61.672242908966844 | 5.294860914181441  | 56.377381587884365 |
|  963  | 61.46560012034881  | 5.286865728818453  | 56.178733829596105 |
|  964  | 61.70303964468149  | 5.297491794977432  | 56.40554775531476  |
|  965  | 61.88968014839368  | 5.341529957697942  | 56.54814931233724  |
|  966  | 61.64832101283929  | 5.273061455946702  | 56.375260420579174 |
|  967  | 61.84536352695563  | 5.294369863852476  | 56.55099324544271  |
|  968  | 61.88275260729667  | 5.3418378521845895 | 56.54091398190229  |
|  969  | 61.64110020564153  | 5.306571343739828  | 56.33453011928461  |
|  970  |  61.2208356260642  | 5.361989413530399  | 55.858846998948316 |
|  971  | 61.39036456768329  | 5.332716150528345  | 56.057648514967696 |
|  972  | 61.46853186191657  | 5.268536349076491  | 56.19999576666416  |
|  973  | 61.966305033365884 | 5.362515123807467  | 56.60378865559896  |
|  974  | 61.77085571289062  | 5.279890453142998  | 56.49096612001077  |
|  975  | 61.40139650393755  | 5.282708261930026  | 56.11868844056741  |
|  976  | 61.47970634656075  | 5.295237558315962  | 56.18446868896484  |
|  977  | 62.03063806778346  | 5.292953324440198  | 56.737684216621595 |
|  978  | 61.54204713087815  | 5.341219423245161  | 56.200829221285304 |
|  979  | 60.86942158234425  | 5.317833570822692  | 55.551588322566104 |
|  980  | 61.26425308227539  | 5.2675105026440745 | 55.99674255762345  |
|  981  | 61.97336384308644  | 5.308292786035782  | 56.66507102379432  |
|  982  | 61.52060057028746  | 5.315028926164676  | 56.20557172335111  |
|  983  | 61.60342575464493  | 5.305166932130471  | 56.29825999333308  |
|  984  | 61.59050384521484  | 5.308733950883914  | 56.28176976913061  |
|  985  | 61.444137772780195 | 5.295434747353578  | 56.148702509953424 |
|  986  | 61.92690158159305  | 5.280909960331061  | 56.64599180172651  |
|  987  | 61.53653656005859  | 5.269625146327875  | 56.266910639053734 |
|  988  | 61.79233579586714  | 5.335449769924849  | 56.45688534467648  |
|  989  | 61.66243497408353  |  5.29935920324081  | 56.36307634011293  |
|  990  | 61.26292698004307  | 5.294595890045166  | 55.96833112667768  |
|  991  | 61.156171245085886 | 5.307904055179693  |  55.8482665233123  |
|  992  | 61.53661162938827  | 5.322871855222262  | 56.21373954577324  |
|  993  | 61.13725488124749  | 5.335873765211839  | 55.801381738124746 |
|  994  | 61.64365453475561  | 5.2818860068688025 | 56.36177013690655  |
|  995  | 60.86202767396585  |  5.30746696472168  | 55.554561180701626 |
|  996  | 61.175711161295574 | 5.310034761184301  | 55.865678206223706 |
|  997  | 61.91560212746645  | 5.284910873999962  | 56.63069145789513  |
|  998  | 61.776084559513976 | 5.295666228074293  | 56.48041821210812  |
|  999  | 61.30208714020558  | 5.3120745301857974 | 55.99001304430839  |
|  1000 |  61.4389765225924  | 5.309639958601731  | 56.129337103427986 |
+-------+--------------------+--------------------+--------------------+