+-------+--------------------+--------------------+--------------------+
| Epoch |     total_loss     |      dt_loss       |     type_loss      |
+-------+--------------------+--------------------+--------------------+
|   1   | 81.76369219098773  | 15.727809257507325 | 66.03588377453032  |
|   2   | 79.75205567859469  | 15.399531460716611 | 64.35252479189919  |
|   3   | 77.11845854259673  |  15.2822439629691  | 61.83621323358445  |
|   4   | 75.31436177571615  | 15.102162976946149 | 60.21219943818592  |
|   5   | 72.12758963448661  | 15.063018312000093 |  57.064569585891   |
|   6   | 66.12047039940244  | 14.960351655142649 | 51.16011919294085  |
|   7   | 65.22789651053293  | 14.852951698303222 | 50.37494471232096  |
|   8   | 61.57879212878999  | 14.852218055725098 | 46.72657316662016  |
|   9   | 58.95752043224516  | 14.931339609055293 | 44.02618066696893  |
|   10  | 58.239840545654296 | 14.81087160382952  | 43.428969319661455 |
|   11  | 56.572012423560736 | 14.828399551028298 | 41.74361277988979  |
|   12  | 54.929463878813245 | 14.741654675801595 | 40.18780926658994  |
|   13  | 54.14196542649042  | 14.831040883745466 | 39.310924421037946 |
|   14  | 55.533454044886994 | 14.82272479829334  | 40.71072922479539  |
|   15  | 55.829647056942896 | 14.774278259277343 |  41.0553692699614  |
|   16  | 55.79697572253999  | 14.751272368658157 | 41.04570339384533  |
|   17  |  55.2098397463844  | 14.83801962171282  | 40.371820635114396 |
|   18  | 55.03896748860677  | 14.749322208222889 | 40.28964535667783  |
|   19  | 54.45741468157087  | 14.839893446422758 | 39.617520403180805 |
|   20  | 54.276089884440104 | 14.843894124712262 | 39.43219613211495  |
|   21  | 53.220665007091704 | 14.821015316191174 | 38.39964875720796  |
|   22  | 51.605523209344774 | 14.744754199073428 | 36.86076894124349  |
|   23  | 50.552542492094496 | 14.730468248639788 | 35.82207449776786  |
|   24  | 49.181021328880675 | 14.71413569132487  | 34.46688598632812  |
|   25  | 47.51485405331566  | 14.623401376633417 | 32.891452386038644 |
|   26  | 45.678888622465585 | 14.552135543823242 | 31.126753125871932 |
|   27  | 43.59087660289946  | 14.550044444856189 | 29.04083217075893  |
|   28  | 43.117940354120165 | 14.38115056174142  | 28.736789964948382 |
|   29  | 42.27051307314918  | 14.37150691986084  | 27.899005635579428 |
|   30  | 41.393947361537386 | 14.309694902329218 | 27.084251196725027 |
|   31  |  40.206439259847   | 14.349082049415225 | 25.857357134137835 |
|   32  | 39.15665855044411  | 14.216783172970727 | 24.939875186738515 |
|   33  | 39.20288973853702  | 14.257948012579055 | 24.944941889444987 |
|   34  | 40.03976611182803  | 14.302308340526762 | 25.737457871210008 |
|   35  | 38.58417049589611  | 14.200282981509254 | 24.383887594313848 |
|   36  |  38.5217992074149  | 14.18184793381464  | 24.339951506115142 |
|   37  | 38.26365564255487  | 14.202511207943871 | 24.061144449143182 |
|   38  | 38.33392307099842  | 14.23435714176723  | 24.099566156296504 |
|   39  | 38.23176443190802  | 14.130632705688477 | 24.101132151285807 |
|   40  | 37.29992717197963  | 14.170226645696731 | 23.12970014299665  |
|   41  | 37.82044439406622  | 14.15978956131708  | 23.66065455845424  |
|   42  | 37.34408447992234  | 14.206584278288341 | 23.137500650315058 |
|   43  | 37.44163068498884  | 14.140840243384952 | 23.300790045601982 |
|   44  | 37.063584812709266 | 14.12646179380871  | 22.937122955322266 |
|   45  | 37.62223935808454  | 14.230901303972518 | 23.391338613600958 |
|   46  | 37.70789068312872  | 14.193851267496745 | 23.51403949192592  |
|   47  | 37.46406438191732  | 14.220929963248116 | 23.24313451857794  |
|   48  | 37.046022382463725 | 14.186557889665876 | 22.85946420215425  |
|   49  | 38.11251165480841  | 14.136115828014555 | 23.976395943051294 |
|   50  | 37.274485139392674 | 14.11312471843901  | 23.161360618954614 |
|   51  | 37.112340138753254 | 14.181615024748302 | 22.93072498139881  |
|   52  | 37.21414862496512  | 14.114686061314174 | 23.099462552751813 |
|   53  | 36.99792255946568  | 14.201638608660017 | 22.796283885410855 |
|   54  |  37.4081862168085  | 14.095890457516624 | 23.312295880998885 |
|   55  | 37.062041306268604 | 14.108982202439082 | 22.953059434436618 |
|   56  | 37.02437537057059  | 14.140793615068707 | 22.883581372215634 |
|   57  | 36.39071715581985  | 14.184379833766393 | 22.206337055024647 |
|   58  | 37.162273646763396 | 14.14870320819673  | 23.013571032569523 |
|   59  | 36.36760004679362  | 14.193870836893717 | 22.173729407900854 |
|   60  | 36.360764429001584 | 14.114638978867303 | 22.24612559000651  |
|   61  | 35.79437800089518  | 14.219159871055966 | 21.575217902773904 |
|   62  | 36.71533799670991  | 14.147914377848307 | 22.567423153831847 |
|   63  | 36.402101396833146 | 14.131449343363444 | 22.270651575724283 |
|   64  | 35.70535382952009  | 14.055496239435104 |  21.6498578171503  |
|   65  | 35.726700330461775 | 14.033937014625186 | 21.692763384864445 |
|   66  | 35.529961736769906 | 14.088708657764252 | 21.441253055390856 |
|   67  | 36.387755119687036 | 14.071000556945801 | 22.31675421941848  |
|   68  | 35.51998976934524  | 14.101892387753441 | 21.41809782482329  |
|   69  | 35.839061286562966 | 14.083648696172805 | 21.755412543160574 |
|   70  | 35.887067202613466 | 14.052763007027762 | 21.834304573422386 |
|   71  | 35.21644252232143  | 14.060715973263695 | 21.15572608947754  |
|   72  | 35.57872943696522  | 13.981765058608282 | 21.59696436200823  |
|   73  | 35.53421135312035  | 14.153558850969587 | 21.38065226963588  |
|   74  | 35.48840803600493  | 14.165729175749279 | 21.322678480602445 |
|   75  | 36.08616148449126  | 14.060286249433245 | 22.02587533496675  |
|   76  | 34.85228510538737  | 14.088042529878162 | 20.764242517380488 |
|   77  | 35.50594355991908  | 14.05092987968808  | 21.455013442266555 |
|   78  | 35.63860199701218  | 14.076790117536273 | 21.561812013898578 |
|   79  | 35.77045120239258  | 14.049038916088286 | 21.72141180492583  |
|   80  | 35.98499284290132  | 14.060451089768183 | 21.92454180036272  |
|   81  | 35.69289650326684  | 14.056364960443405 | 21.63653194972447  |
|   82  | 35.30175215221587  | 14.060318843296596 | 21.241433396112352 |
|   83  | 35.00366875058129  | 14.035352365402948 | 20.968316512334916 |
|   84  | 34.837836223783945 | 14.083587192353749 | 20.75424899509975  |
|   85  | 34.95789541335333  | 14.060699566432408 | 20.897196306501115 |
|   86  | 35.191459357852025 | 14.17409283229283  | 21.01736621675037  |
|   87  | 35.023799859909786 | 14.113518115452358 | 20.910282040550594 |
|   88  | 35.509629538399835 | 14.041128643580846 | 21.468500754946753 |
|   89  | 34.54782749720982  | 14.051933646429152 | 20.495894077845982 |
|   90  | 35.10313632056827  | 14.033474277314685 | 21.069661850702197 |
|   91  | 34.64561225527809  | 14.070187352498372 | 20.57542497180757  |
|   92  | 34.425099545433405 | 14.049214666457404 | 20.37588518778483  |
|   93  | 34.933855983189176 | 14.056318224952335 | 20.877537612915038 |
|   94  | 34.397630084809805 | 14.082876799447195 | 20.31475319271996  |
|   95  | 35.090902397519066 | 14.021293078831263 | 21.06960950578962  |
|   96  | 34.24681163242885  | 14.050285252162388 | 20.196526787167503 |
|   97  | 34.70800938924154  | 14.041175695146833 | 20.666833107357935 |
|   98  | 34.225338316417876 | 13.979679381960914 | 20.245658794584728 |
|   99  | 33.98454599289667  | 14.021818655104864 | 19.962727657499766 |
|  100  | 34.30438085646856  | 14.021363650730677 | 20.283016735258556 |
|  101  | 34.31592126028878  |  14.0674044581822  | 20.24851673307873  |
|  102  | 34.21057924179804  | 13.951116087777274 | 20.259463188534692 |
|  103  | 34.72085021246047  | 14.084968997410366 | 20.63588103521438  |
|  104  | 34.131709790910996 | 13.976354168483189 | 20.155355791364396 |
|  105  | 34.64367780412947  | 13.969767735799154 | 20.673910166422527 |
|  106  | 33.79813715616862  | 14.046284417651949 | 19.751852994646345 |
|  107  | 34.56325638543992  | 14.036011428833008 | 20.527245403471447 |
|  108  | 34.477842450823104 | 13.987265441531227 | 20.490576992943172 |
|  109  | 34.342086552211214 | 13.970852443150111 | 20.37123403276716  |
|  110  | 33.66679417201451  | 14.024008703685942 | 19.642785764421735 |
|  111  | 33.92651868547712  | 13.967498686654228 | 19.95901989528111  |
|  112  | 33.963113679431736 | 13.973804591950916 | 19.989309390840077 |
|  113  | 33.61663970220657  | 14.051070220583961 | 19.565569011143275 |
|  114  | 34.079809860956104 | 14.008737787519182 | 20.071072602044968 |
|  115  | 33.45644088745117  | 14.004981963748024 | 19.45145882379441  |
|  116  | 33.811951969691684 | 14.052029377165296 | 19.75992315746489  |
|  117  |  34.1131549508231  | 14.089976036435083 | 20.023178972516742 |
|  118  | 33.858140142531624 | 13.99278342837379  | 19.86535674322219  |
|  119  | 33.53472360520136  | 14.005009431384858 | 19.529714622497558 |
|  120  | 34.115116744268505 | 14.087831889561244 | 20.027284593128023 |
|  121  | 34.18671569824219  | 14.010950244721911 | 20.17576535542806  |
|  122  | 33.68765932355608  | 13.96210670834496  | 19.72555291675386  |
|  123  | 33.90620970589774  | 14.009377508617582 | 19.896832435244605 |
|  124  | 33.992925683884394 | 13.932162315731956 | 20.060764018467495 |
|  125  | 33.325057903471446 | 13.980213915506999 | 19.34484425499326  |
|  126  | 33.47998437790643  | 13.99663501739502  | 19.483349387759255 |
|  127  | 33.523226841517854 | 14.017652428036644 | 19.50557498386928  |
|  128  | 33.285462871733166 | 14.017893458775111 | 19.267569761730375 |
|  129  | 33.040806819370815 | 13.948380871727354 | 19.09242574419294  |
|  130  | 33.55119421822684  | 13.962830990382603 | 19.588362797328404 |
|  131  | 33.415033533005484 | 13.989855466570173 | 19.425177659534274 |
|  132  | 33.18176886422294  | 13.930502673557827 |  19.2512662142799  |
|  133  | 33.11664271763393  | 13.988778243291947 | 19.127864474341983 |
|  134  | 33.01554486229306  | 13.95362728482201  | 19.061917960757302 |
|  135  |  33.3083985101609  | 13.96080956958589  | 19.34758920215425  |
|  136  | 33.28297441028413  | 13.91533510298956  | 19.367638905843098 |
|  137  | 33.06333381289527  | 13.956009853907993 | 19.107323837280273 |
|  138  | 33.71674678984142  | 14.030982268197196 | 19.68576499212356  |
|  139  | 32.70665511358352  | 14.039237489246187 | 18.667417693365188 |
|  140  | 33.51943650018601  | 13.94450558980306  | 19.574930347260974 |
|  141  |  33.6898824491955  | 14.000945879618326 | 19.688935848417735 |
|  142  | 32.94333384922572  | 13.93524345942906  | 19.008090569632394 |
|  143  | 33.44315511067708  | 13.900248723711286 | 19.542906741187686 |
|  144  | 33.657653147379555 | 14.039856640043713 | 19.617796478271483 |
|  145  | 33.247183380126955 | 14.06181147257487  | 19.18537238348098  |
|  146  | 33.26250404721215  | 13.985674703688849 | 19.276829383486792 |
|  147  | 33.20306084769113  | 13.961997248331706 | 19.241063766479492 |
|  148  | 33.17193376087007  | 14.034005835396902 | 19.13792815798805  |
|  149  | 32.584811001732234 | 13.983926960173108 | 18.600883756365096 |
|  150  | 33.393128356933595 | 13.923206887018113 | 19.469921184721446 |
|  151  | 33.28242547171457  | 14.019709321884882 | 19.262716667538598 |
|  152  | 33.12629978724888  | 13.949097513471331 | 19.177202751522973 |
|  153  | 32.82477967035203  | 14.015252605619885 | 18.80952662876674  |
|  154  | 32.76971925281343  | 13.905438168843586 | 18.86428130013602  |
|  155  | 32.90160513378325  | 14.052260833013625 | 18.84934431893485  |
|  156  |  32.7269975789388  | 13.955210284278506 | 18.771787265595936 |
|  157  | 33.14174537295387  | 13.955141254606701 | 19.18660388038272  |
|  158  | 33.280206073579336 | 13.917028425307501 | 19.36317814781552  |
|  159  | 32.81116618565151  | 13.925166758582705 | 18.885998980204263 |
|  160  | 33.48350544520787  | 13.938105595906576 | 19.54540015811012  |
|  161  | 32.84029839651925  | 13.925536193847655 | 18.914762377057755 |
|  162  | 32.641267976306736 | 14.023755736578078 | 18.617511727469306 |
|  163  | 32.387941276913594 | 13.926888122558594 | 18.461054247901554 |
|  164  | 32.549376380557106 | 13.911016229901994 | 18.638360047113327 |
|  165  | 33.27172445388067  | 13.937759292239235 | 19.333964876447403 |
|  166  | 32.33439353579566  | 14.036500858125233 | 18.297893026442754 |
|  167  | 33.62839329310826  | 13.94017775944301  | 19.68821567353748  |
|  168  | 32.505164315359934 | 13.939465032305037 | 18.56569933573405  |
|  169  | 32.74770581926618  | 14.000097501845588 | 18.747608795166016 |
|  170  | 32.78705268496559  | 13.962280756632486 | 18.824772168114073 |
|  171  | 32.246892994471956 | 13.983913269042969 | 18.262980016072593 |
|  172  |  32.5021887025379  | 13.942667852129254 | 18.559520855858214 |
|  173  | 32.851759105864026 | 13.956268150692894 | 18.89549080984933  |
|  174  | 33.06496100289481  | 13.92690431867327  | 19.138056963966008 |
|  175  | 32.63758330572219  | 13.984819443112327 | 18.652763717288064 |
|  176  | 32.50275630405971  | 13.95579465230306  | 18.546961728050594 |
|  177  | 32.992359800792876 | 14.00426518031529  | 18.988094090053014 |
|  178  | 32.854275523594445 | 13.971168022155762 | 18.88310751233782  |
|  179  | 32.455491812569754 | 13.911654844738187 | 18.543837113153366 |
|  180  | 33.09722258068266  | 13.904389526730492 | 19.19283311753046  |
|  181  | 32.75838490804036  |  13.9868445005871  | 18.77154030209496  |
|  182  | 32.84966120402018  | 13.984075929550897 |  18.8655855015346  |
|  183  | 32.88701887584868  | 13.933997245061965 | 18.953021538144068 |
|  184  | 32.90562967572893  | 13.894290976751419 | 19.011338588169643 |
|  185  | 32.85496650332496  | 14.06570654369536  | 18.78925978524344  |
|  186  | 32.55832735697428  | 13.969338340759277 | 18.588988767351424 |
|  187  |  32.3069362495059  | 13.967777860732305 | 18.339158666701543 |
|  188  | 33.003262423560734 | 14.01422491527739  | 18.98903836204892  |
|  189  | 32.79129391624814  | 13.944186377752395 | 18.847107068016417 |
|  190  |  32.1016276150658  | 13.888546398707799 | 18.213081606910343 |
|  191  | 32.07107472374326  | 14.045906086876279 | 18.025168264479863 |
|  192  | 32.32933358328683  | 14.004042431059338 | 18.325290581839425 |
|  193  | 32.17224450610933  | 14.005709048679897 | 18.16653507959275  |
|  194  | 32.25161937895275  | 13.978556656610397 | 18.273062606084913 |
|  195  | 32.34341503324963  |  13.9316277440389  | 18.411787405468168 |
|  196  | 32.033834446498325 | 13.87846926007952  | 18.15536514645531  |
|  197  | 32.17710282461984  | 13.961519766308012 | 18.215583470662434 |
|  198  | 32.51878341674805  | 13.941790003095354 | 18.576992943173362 |
|  199  | 32.39407004220145  | 13.849388131641206 | 18.544681894211543 |
|  200  | 32.18405899774461  | 13.979329040164039 | 18.204730200994582 |
|  201  | 32.03129465375628  | 14.023661947704497 | 18.007632700602212 |
|  202  | 32.29835888090588  | 13.890267375764394 |  18.408091586885   |
|  203  | 32.33068234761556  | 13.924570795694986 | 18.40611182439895  |
|  204  | 32.23494448707217  | 13.96762390318371  | 18.267320890880768 |
|  205  | 32.51952040172758  | 13.957711710248674 | 18.561808820452008 |
|  206  | 32.869536815824965 | 13.914022160484677 |  18.9555147370838  |
|  207  | 32.353567744663785 | 13.933710750398182 | 18.419857105073476 |
|  208  | 32.277061745779854 | 13.979174119858515 | 18.297887678600492 |
|  209  | 32.86478444780622  | 13.914762300763812 | 18.950022223336354 |
|  210  |  32.1443097723098  | 13.933481230962844 | 18.21082835606166  |
|  211  | 32.273106740315754 | 13.930648843674433 | 18.342457544235955 |
|  212  | 32.12379047575451  | 13.919578673953101 | 18.204211854480562 |
|  213  | 32.59680418831962  | 13.94878916422526  | 18.648015518188476 |
|  214  | 31.76804173060826  | 13.932540839059012 | 17.83550076439267  |
|  215  | 32.45156502133324  | 13.967384952363513 | 18.484180010841005 |
|  216  | 31.956475764683315 | 13.937034528823126 | 18.019441008794875 |
|  217  | 32.07806636991955  | 13.918998976207915 | 18.159067422775994 |
|  218  | 31.95950849987212  | 13.879325666881742 | 18.080182600475492 |
|  219  | 32.54814248221261  | 13.939161567687988 | 18.60898125784738  |
|  220  | 31.887977251325335 | 13.923662728809175 | 17.96431413922991  |
|  221  | 31.94058130173456  | 13.934703014918735 | 18.00587776910691  |
|  222  | 31.53955313546317  | 13.889455154055641 | 17.650097667149137 |
|  223  | 32.58998978387742  | 13.902537627447218 | 18.68745218549456  |
|  224  | 31.70830122448149  | 13.958270250956218 | 17.75003106616792  |
|  225  | 32.27758587065197  | 13.886164536249069 | 18.391421886625743 |
|  226  | 31.642928510393414 | 13.94036057426816  | 17.70256812686012  |
|  227  | 31.863363167898996 | 13.91420224689302  | 17.949161037263416 |
|  228  | 32.57444708687918  | 13.912007162911552 | 18.662439923967632 |
|  229  | 31.725874263218472 | 13.929297550746373 | 17.796576381865002 |
|  230  | 32.96738521030971  | 13.954664081391835 | 19.012721332368397 |
|  231  | 31.25351561773391  | 13.972860180082776 | 17.280655728294736 |
|  232  | 31.816365719749815 | 13.90798033396403  | 17.90838507152739  |
|  233  |  31.680627259754   | 13.900792866661435 | 17.779834300449917 |
|  234  | 31.744081202915737 | 13.925464995247976 | 17.818616184052967 |
|  235  | 32.23349392845517  | 13.850929432823545 | 18.38256391979399  |
|  236  | 31.930757184709822 | 13.98313538869222  | 17.947621674310593 |
|  237  | 32.05702640351795  | 13.901042002723331 | 18.155984522501626 |
|  238  | 32.12242759341285  | 13.896474863688152 | 18.225952653430756 |
|  239  | 31.818164956229072 | 13.832685410635811 | 17.985479888916014 |
|  240  | 31.811923381260463 | 13.939011146908715 | 17.87291187468029  |
|  241  | 31.63366266886393  | 13.920000227065314 | 17.713662766956148 |
|  242  | 31.355153318132672 | 13.972565610976446 | 17.382587945120676 |
|  243  | 31.61997294834682  | 13.967222039358957 | 17.652750821794783 |
|  244  | 31.84528055100214  | 13.925557668776738 | 17.919722667875742 |
|  245  | 32.00644303094773  | 13.967902436029343 | 18.03854088556199  |
|  246  | 31.933209729875838 | 13.858933608645485 | 18.07427609761556  |
|  247  | 32.58724171229771  | 13.865922406514485 | 18.72131904965355  |
|  248  | 32.13768098013742  | 13.898292412530807 | 18.239388573056175 |
|  249  | 31.261507626488097 | 13.913534389677501 |  17.3479736328125  |
|  250  | 31.919287392752512 | 13.897117213294619 | 18.02217051188151  |
|  251  | 31.603526037307013 | 13.923252412705194 | 17.680273648216613 |
|  252  |  32.0034321412586  | 13.891097048804873 | 18.11233501071022  |
|  253  | 31.803248007638114 | 13.951523275829496 | 17.851724744524276 |
|  254  | 32.468361692882716 | 13.894360353379023 | 18.574001722789944 |
|  255  | 31.363460152035668 | 13.942498684837705 | 17.420961478097098 |
|  256  | 31.911918095179967 | 13.866435216267904 | 18.045482559204103 |
|  257  | 31.990978618803478 | 14.030099914187478 | 17.96087886265346  |
|  258  | 31.039523711431595 | 13.87709456670852  | 17.162428975786483 |
|  259  | 31.74117734636579  | 13.870091894240606 | 17.87108508518764  |
|  260  | 32.006934327625096 | 13.88827559879848  | 18.118658839634488 |
|  261  | 31.881143188476564 | 13.949345069158644 | 17.931797986711775 |
|  262  | 31.710041362217495 | 13.879434660048712 | 17.830606871105374 |
|  263  | 31.998372036161875 | 13.880595886593774 | 18.11777566092355  |
|  264  | 31.391969895135787 | 13.907696803864978 | 17.484273165748235 |
|  265  | 31.79612317039853  | 13.910721517290387 | 17.885401495070685 |
|  266  | 32.18729816981725  | 13.96114296867734  | 18.226154643467495 |
|  267  | 31.695810997372583 | 13.880809347970144 | 17.815001649402436 |
|  268  |  32.0386382039388  | 13.848145152500697 | 18.190493109566823 |
|  269  | 31.228512260800315 | 13.90885761079334  | 17.319654620942615 |
|  270  | 31.766851363409135 | 13.916944073268345 | 17.849906946818034 |
|  271  | 31.976548381987072 | 13.931615584237235 | 18.04493299575079  |
|  272  | 31.926793859572637 | 13.965828223455519 | 17.960966328212194 |
|  273  | 32.08979276384626  | 13.921303229559035 | 18.16848952157157  |
|  274  | 31.904373067220053 | 13.876032126290458 | 18.028341471354167 |
|  275  | 31.765891145978657 | 13.86332640511649  |  17.9025648970831  |
|  276  | 31.647359917050316 | 13.87085162389846  | 17.77650828770229  |
|  277  | 31.326052471342543 | 13.859146069117955 | 17.466906698317754 |
|  278  | 31.702136390322732 | 13.92486341203962  | 17.77727260044643  |
|  279  | 31.38458476475307  | 13.881200699579148 | 17.503383959815615 |
|  280  | 31.10479994274321  | 13.891756906055269 | 17.213043171110606 |
|  281  | 31.404115535191128 | 13.956688853672572 | 17.447426797775996 |
|  282  | 31.18430442446754  | 13.888383356730143 | 17.29592075892857  |
|  283  | 31.57295906430199  | 13.958243566240583 | 17.614715270996093 |
|  284  | 31.257518208821615 | 13.880516046796526 | 17.377002534412203 |
|  285  | 31.322118577503023 | 13.996762351989746 | 17.32535595848447  |
|  286  | 31.241262584867933 | 13.829085406348819 | 17.412177120390393 |
|  287  | 31.62573457990374  | 13.910613297962007 | 17.715121445428757 |
|  288  | 31.54918302626837  | 13.86722723642985  |  17.6819557317098  |
|  289  | 31.269664342971076 | 13.834918225606282 | 17.434746140979584 |
|  290  | 30.875367257254464 | 13.892397918701171 | 16.982969262259346 |
|  291  | 31.118078464326405 | 13.973361847287133 | 17.14471670968192  |
|  292  | 31.25728396097819  | 13.834817544846308 | 17.42246674673898  |
|  293  | 31.21337973821731  | 13.905189928327287 | 17.308189886183964 |
|  294  | 31.60648420787993  | 13.933933283487956 | 17.672551091512045 |
|  295  | 31.75514089675177  | 13.871136861528669 | 17.88400373912993  |
|  296  | 31.084646435692196 | 13.836616752261207 | 17.24802968343099  |
|  297  | 31.139017355782645 | 13.915259094238282 | 17.223757930937268 |
|  298  | 31.816180383591426 | 13.900669417608352 | 17.915511100405737 |
|  299  | 31.832860318138486 | 13.907583220345634 | 17.92527719770159  |
|  300  |  31.4157281203497  | 13.962323130653019 | 17.453405100504558 |
|  301  | 30.98151736668178  | 13.868235718863351 | 17.113281113760813 |
|  302  | 31.783526574997676 | 13.996290208725702 | 17.787236012050084 |
|  303  | 31.48436524164109  | 13.923574582054501 | 17.560790630522227 |
|  304  | 31.64264772324335  | 13.881438284374418 | 17.761209829421272 |
|  305  | 31.732954326811292 | 13.880415260678246 | 17.852539095197404 |
|  306  |  31.0875000726609  | 13.891098438444592 | 17.196401964823405 |
|  307  | 31.786144605364118 | 13.915990693228585 | 17.870153434390115 |
|  308  | 31.483545227050783 | 13.899561745779854 | 17.583983608427502 |
|  309  | 31.726453799293154 | 13.947776035127186 | 17.778677433558872 |
|  310  | 31.464458712623234 | 13.951191893078033 | 17.513266692388626 |
|  311  | 31.27922899881999  | 13.919155978248233 | 17.36007318405878  |
|  312  | 31.592863758632117 | 13.944123487926666 | 17.64874021257673  |
|  313  | 31.813008012317475 | 13.95745101928711  | 17.85555708022345  |
|  314  | 31.311664130801248 | 13.857000650678362 | 17.45466307867141  |
|  315  | 31.060765010288783 | 13.811771825154622 | 17.24899348122733  |
|  316  | 30.95334740774972  | 13.869508786882673 | 17.083838795253207 |
|  317  | 30.933573208763487 | 13.869171393258231 | 17.064401379539852 |
|  318  | 31.094234742664156 | 13.903466524396624 | 17.190768498011998 |
|  319  | 31.441962160382953 | 13.848923823038737 | 17.593038221086776 |
|  320  | 31.096102254958378 | 13.899102269127255 | 17.19700007847377  |
|  321  | 31.26843510945638  | 13.887449035644531 | 17.380985666910806 |
|  322  | 31.358858163016183 | 13.938931450616746 | 17.41992656162807  |
|  323  | 31.192583382016135 | 13.864981825692313 | 17.327601579938616 |
|  324  | 31.014583965483165 | 13.879419501168387 | 17.135164540608724 |
|  325  | 31.18525161016555  | 13.923514978317987 | 17.261736544654482 |
|  326  | 31.457218148367744 | 13.832620753333682 | 17.624597360520134 |
|  327  | 30.973884230114166 | 13.969675120399112 | 17.004209196908132 |
|  328  | 31.338198521931965 | 13.875770516168503 | 17.462427609761555 |
|  329  | 31.306875152587892 | 13.842251396179199 |  17.4646235475086  |
|  330  | 31.12447225661505  | 13.902019713265556 | 17.222452659606933 |
|  331  | 31.21806432814825  | 13.96122908455985  | 17.256835570562455 |
|  332  |  31.0585300554548  | 13.87970272064209  | 17.178827224004838 |
|  333  | 31.37022940499442  | 13.878642787025088 | 17.491586216517856 |
|  334  | 30.91035839989072  | 13.917261367071243 | 16.99309660775321  |
|  335  | 30.99254377819243  | 13.889469170343308 | 17.10307493300665  |
|  336  |  31.2126841990153  |  13.9536407379877  | 17.259043815249488 |
|  337  | 31.499467293875558 | 13.88753124600365  | 17.611936187744142 |
|  338  | 31.699743150983537 | 13.934805395943778 | 17.764937765938896 |
|  339  | 31.074269038609096 | 13.904598234267462 | 17.169670537312825 |
|  340  | 31.010498130435035 | 13.910471790858677 | 17.10002648489816  |
|  341  | 30.94725843157087  | 14.029956972031366 | 16.917301308768135 |
|  342  | 30.773191630045574 | 13.892740523928687 | 16.880451409476144 |
|  343  | 30.939427755446662 | 13.91362175714402  | 17.025806132725307 |
|  344  | 31.246072983514694 | 13.92197204771496  | 17.32410053979783  |
|  345  | 31.057179990495953 | 13.924038436526343 | 17.133141744704474 |
|  346  | 31.171157528105237 | 13.822219855898902 | 17.34893738156273  |
|  347  | 30.693064851306733 | 13.925084132239933 | 16.767980550130208 |
|  348  | 30.859310491652717 | 13.898662799653552 | 16.960647633870444 |
|  349  | 31.024605538504463 | 13.882481373378209 | 17.14212423415411  |
|  350  | 31.44609380086263  | 13.848938765752884 | 17.597155423845564 |
|  351  | 30.62276365734282  | 13.961037256150018 | 16.661726284935362 |
|  352  | 30.84316433861142  | 13.827825704302107 | 17.015338367280506 |
|  353  | 30.893558589390345 | 13.881851323445638 | 17.01170702798026  |
|  354  | 30.668075190952845 | 13.869203707377116 | 16.798871314639136 |
|  355  | 30.712203914097376 | 13.847483676728748 | 16.86472070239839  |
|  356  | 30.648144375029066 | 13.89246027083624  | 16.755683726356143 |
|  357  | 31.216407281784786 | 13.931153646196638 | 17.285254047938757 |
|  358  | 31.755906844366166 | 13.925937087649391 | 17.82996952965146  |
|  359  | 31.689315712338402 | 13.836829234531947 | 17.85248681567964  |
|  360  | 31.077808013189408 | 13.793381805419921 | 17.284426155090333 |
|  361  | 31.20425505138579  | 13.802939022609166 | 17.401315511067708 |
|  362  | 31.57853575206938  | 13.958061367216564 | 17.620474348522368 |
|  363  | 31.605002917335145 | 13.85944365546817  | 17.745559267316544 |
|  364  | 31.037278602236793 | 13.882295323326474 | 17.15498344058082  |
|  365  |  31.2983358001709  | 13.936077808198474 | 17.362258195422946 |
|  366  | 31.141554100399926 | 13.93136894044422  | 17.210185130891347 |
|  367  | 31.22003730047317  | 13.927777530125208 | 17.29225993201846  |
|  368  | 31.80139275323777  | 13.868485287257604 | 17.93290714082264  |
|  369  | 30.844816106160483 | 13.924881353832426 | 16.919934612455823 |
|  370  |  31.1142994253976  | 13.895793711344401 | 17.218505470639183 |
|  371  | 30.885041220528738 | 13.865701571873256 | 17.01933971223377  |
|  372  | 30.824006046113514 | 13.835041701907203 | 16.988964233398438 |
|  373  | 31.095310400099983 | 13.89110649290539  |  17.204203738258   |
|  374  | 31.18990956624349  | 13.870209021795363 | 17.319700353713262 |
|  375  | 30.933073734101797 | 13.857870436168852 | 17.075203601292202 |
|  376  | 30.203112861996605 | 13.874061070396786 | 16.329052240280877 |
|  377  | 31.08286307198661  | 13.865965654282343 | 17.216897266932897 |
|  378  | 30.928008626302084 | 13.860763647896903 | 17.067245101928712 |
|  379  |  31.0055106535412  | 13.91139217376709  | 17.09411847795759  |
|  380  | 31.17305686587379  | 13.887847571600052 | 17.28520944504511  |
|  381  | 30.44448258172898  | 13.803801829020182 | 16.640680607386997 |
|  382  | 31.116348353794642 | 13.917098641168504 | 17.199250085013254 |
|  383  | 30.992733590262276 | 13.883623955136255 | 17.10910960606166  |
|  384  | 30.58886022658575  | 13.76800306774321  | 16.82085725330171  |
|  385  | 30.972276240757534 | 13.914536525181362 | 17.057739063444593 |
|  386  | 30.603627384730746 | 13.868957741146996 | 16.734669701712473 |
|  387  | 31.090896159580776 | 13.874279192969913 | 17.21661676860991  |
|  388  | 31.018256123860677 | 13.915139966692243 | 17.10311613900321  |
|  389  | 30.73124260312035  | 13.888452889578684 | 16.842790247599282 |
|  390  | 30.688472250075566 | 13.836929711841401 | 16.851542649042038 |
|  391  | 30.71713440304711  | 13.91176815032959  | 16.80536616007487  |
|  392  | 30.894795019967216 | 13.914608768281482 | 16.98018666948591  |
|  393  | 31.17376695905413  | 14.014603044419061 | 17.159164070856004 |
|  394  | 31.300271708170573 | 13.861068411327544 | 17.439203872680665 |
|  395  | 30.729034394763765 | 13.920621150788806 | 16.80841306413923  |
|  396  | 30.668770312354678 | 13.945954333714077 |  16.7228154137021  |
|  397  | 31.01804200671968  | 13.912646300906227 | 17.105395634969074 |
|  398  | 30.66359785897391  | 13.837284075419108 |  16.8263140978132  |
|  399  | 31.14122200012207  | 13.862828875950404 | 17.278393124171664 |
|  400  | 30.97455208551316  | 13.908584741864885 | 17.065967378162203 |
|  401  | 31.100683735438757 | 13.884341608683268 | 17.216342464628674 |
|  402  | 31.148989526657832 | 13.946279765537806 | 17.20270977928525  |
|  403  | 30.820837206159318 | 13.907589567275274 | 16.91324753534226  |
|  404  | 30.126016540527345 | 13.938692864917574 | 16.187323564801897 |
|  405  | 30.90903783162435  | 13.897701205299015 | 17.011336975097656 |
|  406  | 30.666148550851005 | 13.855817905607678 | 16.810330645243326 |
|  407  | 31.152683595929826 | 13.89492057073684  | 17.25776314145043  |
|  408  | 30.752723257882256 | 13.947274211701894 | 16.805448808215914 |
|  409  | 30.866383281889416 | 13.864573126293363 | 17.001809783208937 |
|  410  | 30.619700782412576 | 13.855741945902507 | 16.763958754766556 |
|  411  | 30.65573537917364  | 13.882818014962332 | 16.77291730608259  |
|  412  | 30.642759984334308 | 13.88444645291283  | 16.758313613164994 |
|  413  | 30.22090463910784  | 13.893750161670503 | 16.327154657273066 |
|  414  | 30.648155833653043 | 13.886265015375047 | 16.761890818277994 |
|  415  | 31.462373072306317 | 13.838614263988676 | 17.623759046282085 |
|  416  | 30.825309778849284 | 13.85575685773577  | 16.969552928379603 |
|  417  | 30.90747666495187  | 13.85890688033331  | 17.048570022583007 |
|  418  | 30.759758838471914 | 13.910189546857561 | 16.849569175356912 |
|  419  | 30.88808294387091  |  13.8498353322347  | 17.038247320992607 |
|  420  | 30.626713256835938 | 13.87943784622919  | 16.747275386991955 |
|  421  | 30.48919490269252  | 13.87753325326102  | 16.61166174389067  |
|  422  | 30.640139429001582 | 13.898693925766718 | 16.74144515991211  |
|  423  | 31.400625937325614 | 13.950345182872955 | 17.45028073265439  |
|  424  | 31.258806003388905 | 13.91049567086356  | 17.348310390654063 |
|  425  | 31.055471383957634 | 13.904534390767415 | 17.15093708583287  |
|  426  | 31.082488599504742 | 13.885679708208357 | 17.196808664231074 |
|  427  | 31.13215451558431  | 13.904125231788273 | 17.228029312860397 |
|  428  | 31.523823274884904 | 13.881977108546666 | 17.641845823015487 |
|  429  | 30.346135911487398 | 13.83105173928397  | 16.51508419581822  |
|  430  | 30.60757548740932  | 13.712142092386882 | 16.89543333144415  |
|  431  | 30.707134639195033 | 13.871711195082892 | 16.83542368207659  |
|  432  | 30.90699457077753  | 13.846187909444174 | 17.06080661955334  |
|  433  | 30.789161049979075 | 13.88537194206601  | 16.903788899012973 |
|  434  | 30.238249653407504 | 13.897833409990584 | 16.340416388738724 |
|  435  | 30.584117002941312 | 13.92143967583066  | 16.66267695472354  |
|  436  | 30.947136561075848 | 13.91036431267148  | 17.036772377377464 |
|  437  | 30.208175575619652 | 13.772699366978237 |  16.4354761105492  |
|  438  |  30.5929226175944  | 13.889889184860957 | 16.703033752441407 |
|  439  | 30.688239073980423 | 13.84827496119908  | 16.83996410188221  |
|  440  | 30.254168900989352 | 13.855691143217541 | 16.398477676028296 |
|  441  | 30.50966307867141  | 13.867033466157459 | 16.642629594348726 |
|  442  |  30.2180640738351  | 13.863421362014044 | 16.354642508370535 |
|  443  |  30.5407135445731  | 13.86614511399042  | 16.674568541390556 |
|  444  | 30.881295478457496 | 13.861305100577217 | 17.019990187145414 |
|  445  | 30.36682991027832  | 13.811890044439407 | 16.55493958609445  |
|  446  | 30.360127523513068 | 13.948629688081287 | 16.41149780636742  |
|  447  | 30.279877689906527 | 13.801334172203427 | 16.478543261573428 |
|  448  | 30.233343193417504 | 13.909156995500837 | 16.324185878208706 |
|  449  | 30.624010561988467 | 13.774200644720167 | 16.849809690202985 |
|  450  | 31.283356301443916 | 13.885651873633975 | 17.39770444597517  |
|  451  | 30.91901802426293  | 13.884670702616374 | 17.034347559611003 |
|  452  | 30.732634615216938 | 13.885387186322893 | 16.84724714370001  |
|  453  | 30.629140385219028 | 13.892789199465797 | 16.736351325625463 |
|  454  | 31.032906348818823 | 13.929345568702335 | 17.103561226981025 |
|  455  | 30.78426854814802  | 13.893235758826846 | 16.891033161708286 |
|  456  | 30.62504059927804  | 13.899088639758881 | 16.725952168419248 |
|  457  | 30.99463038489932  | 13.850241303216844 | 17.144389528547016 |
|  458  | 30.860643797374905 | 13.915339713323684 | 16.945304223923458 |
|  459  |  30.2553354935419  | 13.929005019778296 | 16.32633045014881  |
|  460  | 30.473772968110584 | 13.926771409170968 | 16.54700146629697  |
|  461  | 30.67495741707938  | 13.875423306056431 | 16.79953398931594  |
|  462  | 30.574524706885928 | 13.901499908083961 |  16.6730247933524  |
|  463  | 30.495787538800922 | 13.84304505666097  | 16.65274255298433  |
|  464  | 30.85949228195917  | 13.838563081650507 | 17.020929049537294 |
|  465  | 30.756042654854912 | 13.887065680367606 |  16.868976869129   |
|  466  | 30.543560282389322 | 13.883906978425525 | 16.659653171357654 |
|  467  | 30.49079083397275  | 13.824763803027926 | 16.666026822044735 |
|  468  | 30.144294044857933 | 13.78777528490339  | 16.35651906876337  |
|  469  | 30.616349356515066 | 13.771129035949707 | 16.84521990821475  |
|  470  | 30.32151267278762  | 13.851524630955288 | 16.469987954639254 |
|  471  | 30.407364872523715 | 13.902349557422456 | 16.505015600295295 |
|  472  | 30.224461895170666 | 13.86255797794887  | 16.361904038928802 |
|  473  | 30.45841105869838  | 13.833074141002836 | 16.625337092081704 |
|  474  | 30.46890495300293  | 13.747463237217495 | 16.721441628592355 |
|  475  | 30.30993939354306  | 13.874028779892694 | 16.435910782586962 |
|  476  | 31.15109381539481  | 13.939889012291317 | 17.21120493207659  |
|  477  | 31.136255627586728 | 13.86343981788272  | 17.27281618754069  |
|  478  | 30.382186032249813 | 13.827136590140206 | 16.555049354916527 |
|  479  | 30.567151536487398 | 13.871093361264183 | 16.696058320545013 |
|  480  | 30.28850103469122  | 13.850263161432176 | 16.438237751552037 |
|  481  | 31.09872840518043  | 13.833000259399414 | 17.26572777884347  |
|  482  | 30.498003790719167 | 13.969339387076241 | 16.528664467221216 |
|  483  | 30.165431053524927 | 13.862497618538992 | 16.30293378920782  |
|  484  | 30.199428351266043 | 13.882964321318127 | 16.31646369207473  |
|  485  | 30.789614501226517 | 13.937800218491327 | 16.85181448073614  |
|  486  | 30.799796585809617 | 13.963259061177572 | 16.836537827991304 |
|  487  | 30.62065820966448  | 13.860691521054223 | 16.759966844831194 |
|  488  | 31.130395954677038 | 13.953953583126976 | 17.176442347935268 |
|  489  | 30.46107796441941  | 13.944070014953613 | 16.51700776963007  |
|  490  | 30.79033824012393  | 13.91679384685698  | 16.873544456845238 |
|  491  | 30.39148784455799  | 13.982958492097401 | 16.408529299781435 |
|  492  |  30.6696706644694  | 13.896986825125557 | 16.772683479672388 |
|  493  | 30.57386442638579  | 13.869572526840937 | 16.704291603451683 |
|  494  | 30.537989142281667 | 13.827071458725703 | 16.71091761997768  |
|  495  | 30.39722496759324  | 13.916026794796899 | 16.481198080153693 |
|  496  | 30.483553553989957 | 13.905086124965123 | 16.578467207409087 |
|  497  | 30.637999772571384 | 13.823008737109957 | 16.814991396949406 |
|  498  | 30.44936745053246  | 13.884296199253628 | 16.565071396600633 |
|  499  | 30.472458296276272 | 13.876362233843123 | 16.59609612601144  |
|  500  | 30.24708848135812  | 13.891910171508789 | 16.355178635006858 |
+-------+--------------------+--------------------+--------------------+