+-------+--------------------+--------------------+--------------------+
| Epoch |     total_loss     |      dt_loss       |     type_loss      |
+-------+--------------------+--------------------+--------------------+
|   1   |  97.427093748435   | 17.841297677847056 | 79.58579719739083  |
|   2   |  95.5895408982497  | 16.35568721086551  | 79.23385528564454  |
|   3   | 94.53162095289964  | 15.95390998449081  | 78.57771143986629  |
|   4   | 94.96637326754056  | 15.726108477665829 | 79.24026464217748  |
|   5   | 93.47126337295923  | 15.490601547436837 |  77.9806604708158  |
|   6   | 93.40484111296824  | 15.220565765576485 | 78.18427764892579  |
|   7   | 91.38063651842948  | 14.915498128059582 | 76.46513739952674  |
|   8   | 89.87499795766978  | 14.658982918568146 | 75.21601405217098  |
|   9   | 87.05009296123798  | 14.352791481018066 | 72.69730193309294  |
|   10  | 86.15880913367639  | 14.047014260903383 |  72.1117963272486  |
|   11  | 84.83132735032302  | 13.760071029663086 | 71.07125704251803  |
|   12  | 82.93352547670023  | 13.365095864320413 | 69.56842787522537  |
|   13  | 80.87164393498347  |  12.8592692673512  | 68.01237531613081  |
|   14  | 79.83966782007462  | 12.302779951829176 |  67.5368860567533  |
|   15  | 77.23312175261668  | 11.851014936398236 | 65.38210744222005  |
|   16  |  76.3190146500025  | 11.65521199837709  | 64.66380355052459  |
|   17  | 75.16703626583784  | 11.453667184878618 | 63.713367810371594 |
|   18  | 74.66924635667067  | 11.304405153714693 | 63.36484031872872  |
|   19  | 73.31338852319962  | 11.21379062652588  | 62.099597793970354 |
|   20  | 72.85902424347707  | 11.05117758433024  | 61.807845830672825 |
|   21  |  72.1234733620668  | 10.881188564789602 | 61.242285938752005 |
|   22  | 71.75784372965495  | 10.680238358913323 |  61.0776049217811  |
|   23  | 71.42774473532653  | 10.454719744951298 | 60.973024205916964 |
|   24  | 70.36957973382412  | 10.21708922068278  | 60.152491216415015 |
|   25  | 70.29786857409356  | 9.963926757421248  | 60.33394197512896  |
|   26  | 70.02148924216246  | 9.758732286110902  | 60.26275693453275  |
|   27  |  69.7162041766827  | 9.575439431606195  | 60.140765396509416 |
|   28  | 70.15192821796124  | 9.426203796191093  | 60.72572544195713  |
|   29  | 68.71233689528245  |  9.32264595912053  | 59.389690453945065 |
|   30  | 68.58431774432843  | 9.240309433570275  | 59.34400629288111  |
|   31  | 68.37820838341347  | 9.165498083065717  | 59.21271115425306  |
|   32  | 68.61585971147586  | 9.070922239254683  | 59.54493819799179  |
|   33  | 67.90701021634615  | 9.051137811709673  | 58.85587072519156  |
|   34  | 69.05413345728165  | 8.952136971889399  | 60.10199732853816  |
|   35  | 68.23921012682793  | 8.918702494303385  | 59.320507507324216 |
|   36  | 68.91743192232572  | 8.824208151988493  | 60.093223067063555 |
|   37  | 67.92810607910157  | 8.814576185177534  | 59.11352995261168  |
|   38  |  68.0833055858123  |  8.75552550193591  | 59.327779318002555 |
|   39  | 67.67872607108875  | 8.729231750292655  | 58.94949465238131  |
|   40  | 67.42039946727263  | 8.651780935434195  | 58.76861959212866  |
|   41  |  67.5308599227514  | 8.621973599164914  | 58.90888663658729  |
|   42  | 67.94482072096605  | 8.579513885302422  | 59.36530628693409  |
|   43  | 67.98348595252403  | 8.522990587674654  | 59.46049583630684  |
|   44  |  67.2021945738181  | 8.491642885452661  | 58.71055126092373  |
|   45  | 67.50705359825722  |  8.4632629883595   | 59.04379051012871  |
|   46  | 67.09843290671324  |  8.3917267090235   | 58.70670599912986  |
|   47  |  66.8010409389398  | 8.449995595491849  | 58.35104376377203  |
|   48  | 66.86748190072866  | 8.403346528273362  | 58.464133152105866 |
|   49  | 67.40512626452323  | 8.348455366476989  | 59.056670982165215 |
|   50  | 66.76625282483224  |  8.38528991992657  | 58.38096197275015  |
|   51  | 67.16691265399639  | 8.344334522149502  | 58.82257906008989  |
|   52  | 66.87707493708685  | 8.366652617821327  | 58.51042186639248  |
|   53  | 66.97159106914813  |  8.31772185496795  |  58.6538692180927  |
|   54  | 67.14823584140875  | 8.321937260750012  | 58.826298499474156 |
|   55  | 66.53244871481871  | 8.337942090156751  |  58.1945075010642  |
|   56  | 67.63329821464343  | 8.297327062166653  | 59.33597198486328  |
|   57  | 66.79901878161309  |  8.27889513260279  |  58.5201251181578  |
|   58  | 66.97890146891277  | 8.276350574493408  | 58.70255215767102  |
|   59  | 66.90328794821714  | 8.292313809517102  | 58.610973416841944 |
|   60  |  66.6938960187863  |  8.33587705661089  | 58.358018380189556 |
|   61  | 67.10973673111353  | 8.281285718282064  | 58.82844943315555  |
|   62  | 67.30523896046174  |  8.28582758585612  | 59.01941212189503  |
|   63  | 66.65203181340144  | 8.269831988994891  | 58.38219895191682  |
|   64  | 66.99290830172025  | 8.343227849128919  | 58.64968106392102  |
|   65  | 66.60748702611679  | 8.281204207982773  | 58.32628281422151  |
|   66  |  66.8149705074995  | 8.272454776274852  | 58.54251647166717  |
|   67  | 67.09590405586438  | 8.288695427332168  | 58.80720808762771  |
|   68  | 67.00346901135566  | 8.273838892227564  | 58.72962793203501  |
|   69  | 67.06504901592548  | 8.274396491417518  | 58.79065233279497  |
|   70  |  67.1662546480619  |  8.29386127765362  | 58.87239377535307  |
|   71  | 66.92548932197766  | 8.264774244259565  |  58.6607163297213  |
|   72  | 67.00002524351463  | 8.228293789594602  | 58.77173045622997  |
|   73  | 66.81565860063601  |  8.32046758602827  | 58.49519122783954  |
|   74  | 67.13545771672176  | 8.319649833287949  | 58.815807334704274 |
|   75  | 67.29016266651642  |  8.24864994538136  | 59.041512290758966 |
|   76  | 66.42616405780498  | 8.229525915292593  | 58.19663870395758  |
|   77  | 66.83752223870692  | 8.197150894067226  | 58.640370162572616 |
|   78  | 67.27099330804288  |  8.19249650270511  | 59.078497619628905 |
|   79  | 66.59281126364684  | 8.184137288607085  | 58.40867439856896  |
|   80  | 66.62310926388471  | 8.161729454627404  | 58.46137974274464  |
|   81  | 66.38325350247896  | 8.158932941143329  | 58.224319692758414 |
|   82  | 66.71465389936398  | 8.140455489525428  | 58.57419588920398  |
|   83  | 66.22488233517377  | 8.089585111080073  | 58.135298172388325 |
|   84  | 66.52890873835636  | 8.071809039971768  | 58.45709955459986  |
|   85  | 66.85258423634065  |  8.02493160541241  | 58.82765289306641  |
|   86  |  66.4071014873798  | 8.076845640524839  | 58.330255400828825 |
|   87  | 66.18980013333834  |  7.99970293436295  | 58.190097354986726 |
|   88  |  66.6340002363156  | 7.984802425091083  | 58.64919776720878  |
|   89  |  66.9933144124349  | 7.895440137814253  | 59.09787399683243  |
|   90  |  66.6591521903796  | 7.898762263273581  | 58.76038920867138  |
|   91  | 66.13105100974059  | 7.9077225680228995 |  58.2233288691594  |
|   92  | 66.10990325145232  | 7.827366159390181  |  58.2825368362818  |
|   93  | 66.35831236227965  |  7.89013602917011  | 58.46817535009139  |
|   94  | 66.28090626252003  | 7.792803993225098  | 58.48810306646885  |
|   95  |  66.0756107428135  | 7.795812762822861  | 58.27979735936874  |
|   96  | 66.49796202048277  | 7.7207536937028935 | 58.777207856789616 |
|   97  | 65.91914361415765  | 7.717081377567389  | 58.20206185365335  |
|   98  |  65.8988733575283  |  7.67098658879598  | 58.227886763352615 |
|   99  |  65.8512655483148  | 7.647815135075496  | 58.20345069689628  |
|  100  | 66.62758827405098  | 7.595712844653007  | 59.03187372060923  |
|  101  | 66.67502235608224  | 7.552711972456712  | 59.12230919079903  |
|  102  | 65.76211428911257  | 7.550693206298045  | 58.21142030373598  |
|  103  | 65.73295477451423  | 7.506729400341327  | 58.22622627062675  |
|  104  | 65.99803180401142  | 7.519102649688721  | 58.47893078535031  |
|  105  | 66.01432171161358  | 7.443502566019694  | 58.57081872010842  |
|  106  | 65.82257709992237  | 7.496968023349077  |  58.3256098038111  |
|  107  | 65.71151319454877  | 7.435708812322372  | 58.27580394255809  |
|  108  | 65.40108979445237  | 7.409965356680063  | 57.99112233871069  |
|  109  | 65.51505256065956  | 7.302316098824526  | 58.21273598695413  |
|  110  | 65.61254173865684  | 7.322775749793419  | 58.28976668137771  |
|  111  | 65.64282767271384  | 7.343108326349503  | 58.29971982124524  |
|  112  | 65.72522554446489  | 7.256406665215126  | 58.46882100423177  |
|  113  | 66.11386754745092  | 7.278590879195776  | 58.83527621929462  |
|  114  |  65.5348141401242  | 7.238212865193685  | 58.29660262670272  |
|  115  | 65.51225643842648  | 7.2003337067824145 | 58.31192275218474  |
|  116  | 66.17386306371445  | 7.212047734382825  | 58.961815717648236 |
|  117  | 65.49989912766677  | 7.218378676390037  | 58.28152049920498  |
|  118  |  65.2155513665615  | 7.183754293979742  | 58.03179895254282  |
|  119  | 65.47360336694962  | 7.150978371057755  | 58.322622485038565 |
|  120  | 65.62524495442709  | 7.1445482390966175 | 58.480697389260314 |
|  121  |  65.2718396074344  | 7.138538507803893  | 58.133301837627705 |
|  122  | 64.82679676544971  | 7.135270875784067  | 57.69152511987931  |
|  123  | 65.56994849571815  | 7.123698614560641  | 58.44624963613657  |
|  124  | 64.83549296061197  |  7.09558772453895  | 57.73990691747421  |
|  125  |  64.7179327705579  | 7.064336507748335  |  57.6535960935935  |
|  126  | 65.77990813426483  |  6.95640477449466  | 58.823502518091445 |
|  127  | 64.61130135560647  | 7.003330972622602  | 57.607969469901846 |
|  128  | 64.36454581236228  | 7.033036413437281  | 57.331510111490886 |
|  129  | 65.07458994547527  | 6.987681923890725  | 58.08690808418469  |
|  130  | 64.49158658541165  | 6.974254143054669  | 57.51733268933418  |
|  131  |  64.9038737918169  | 6.944099692809276  |  57.9597737121582  |
|  132  | 65.20113132183369  | 6.9322510215563655 | 58.268880896935094 |
|  133  | 65.14143943590996  |  6.93581192456759  |  58.2056276565943  |
|  134  | 64.60299539419321  | 6.907345884763277  | 57.69564856896034  |
|  135  | 65.00119072547325  | 6.904069109207544  | 58.097121038192356 |
|  136  | 65.16558655958909  | 6.870737719902626  | 58.29484936836438  |
|  137  | 65.27109157464443  | 6.853207424848508  | 58.41788490099785  |
|  138  | 64.44657397147937  | 6.8475830180828385 |  57.5989913275303  |
|  139  | 65.28237678723457  | 6.794549455398168  | 58.48782908512996  |
|  140  | 64.37328192295172  | 6.7551989750984385 | 57.618083848219655 |
|  141  | 64.54648327558469  | 6.698809725932586  | 57.84767407930814  |
|  142  | 65.52005791688576  | 6.686593253306853  | 58.83346477410732  |
|  143  | 64.82431189903846  | 6.712145488445575  | 58.11216674413436  |
|  144  | 64.30976365309495  | 6.668983987172445  | 57.640780925261666 |
|  145  | 64.79414682241587  | 6.671026079715826  | 58.12312101315229  |
|  146  | 64.99074873704177  | 6.627990070734269  | 58.36275855039939  |
|  147  | 64.43653361785105  | 6.662781235621526  | 57.77375190147987  |
|  148  | 64.56671399238782  |  6.60610835539989  | 57.960606509477664 |
|  149  | 65.25572998046874  | 6.610562728001521  | 58.64516603910006  |
|  150  | 64.41002708239434  | 6.614537201905862  | 57.79549221332257  |
|  151  | 64.08726285885542  | 6.592776799813295  | 57.49448497283153  |
|  152  | 64.52908279810197  | 6.5663754570789825 | 57.962708114232775 |
|  153  |  64.5008638665615  | 6.504363909501296  | 57.99649924645057  |
|  154  | 63.73275934463892  | 6.517307444841434  | 57.215450286865234 |
|  155  | 64.27823432335487  | 6.469962150867168  | 57.808272036038915 |
|  156  | 64.42105266864483  | 6.5203261081988995 | 57.90072473379282  |
|  157  | 64.12814353355995  |  6.46397401760786  | 57.66416872073442  |
|  158  | 64.23149955553886  | 6.4826865215790574 | 57.748813895201074 |
|  159  | 64.46412864489433  | 6.494977549528464  | 57.96914928729718  |
|  160  |  64.4373059355907  | 6.4351646971091245 | 58.00214152018229  |
|  161  | 64.25015850360577  | 6.452656599680583  | 57.79750231229342  |
|  162  |  64.2408757449419  | 6.4409062928419845 | 57.799969149858526 |
|  163  | 64.30126606867863  | 6.396997200403458  | 57.90427029340695  |
|  164  | 64.58917924929888  | 6.387159693791316  | 58.20201946160732  |
|  165  | 63.98154979216747  | 6.377338001544659  | 57.60421290079753  |
|  166  | 64.15968490209335  | 6.381225100786258  | 57.77845901880509  |
|  167  | 64.07806444608248  | 6.359086460700402  | 57.71897869794797  |
|  168  | 64.03083489833735  | 6.335292761386969  |  57.6955421095628  |
|  169  | 64.02423817952474  | 6.388597267346505  | 57.63564169076773  |
|  170  | 64.45666185427935  | 6.265656041854467  | 58.19100400093274  |
|  171  |  63.8595702733749  | 6.396258220672608  | 57.46331248747997  |
|  172  | 64.14178915953025  | 6.3197112587170725 | 57.82207665467874  |
|  173  | 64.67069159092047  | 6.264797690953964  | 58.405893069536255 |
|  174  | 63.81000145154122  | 6.308456335312281  |  57.5015458600949  |
|  175  | 63.67802141629733  | 6.314524262257112  |  57.363495119535   |
|  176  | 64.08641571827424  | 6.3206268168718385 | 57.76578916892027  |
|  177  | 64.11235178629558  | 6.275911247546857  | 57.83644071921324  |
|  178  | 64.26695426354041  |  6.31921715320685  | 57.94773777888371  |
|  179  | 63.64799814077524  | 6.296166516817533  | 57.35183096469977  |
|  180  | 63.86132955697867  |  6.26665441708687  | 57.59467491345528  |
|  181  | 64.34240888546675  |  6.30116974903987  | 58.04123862242087  |
|  182  | 64.23197021484376  | 6.294948149950076  | 57.937022282527046 |
|  183  |  63.8523982825646  | 6.282712885538737  | 57.56968533638196  |
|  184  | 64.23861470540365  | 6.293856155199882  | 57.94475975232247  |
|  185  | 64.21419248923277  | 6.228719926491761  | 57.98547350369967  |
|  186  | 63.56337994697766  | 6.293983758779673  | 57.269397876446064 |
|  187  | 64.14902325361203  | 6.251965116843199  | 57.89705801156851  |
|  188  | 64.22674073830629  | 6.281194430131179  | 57.94554640941131  |
|  189  | 64.14725031926082  | 6.242686759264041  | 57.90456428332207  |
|  190  | 64.15991177289914  | 6.277905932695438  | 57.88200452364408  |
|  191  | 63.68224565163637  | 6.262367000579834  | 57.41987826616336  |
|  192  | 64.02713955610227  | 6.280768845876058  | 57.74637198814979  |
|  193  | 63.65992270836463  | 6.273859708737104  |  57.3860635923728  |
|  194  | 63.83558110163762  | 6.289065215771015  | 57.54651659843249  |
|  195  | 63.87823296180138  | 6.320367590586344  |  57.5578642977201  |
|  196  | 64.00500301263271  | 6.347437279530061  | 57.65756584363106  |
|  197  |  63.6667396115034  |  6.3059584128551   |  57.3607803109976  |
|  198  | 63.974832364595855 | 6.286239514473157  | 57.68859391432542  |
|  199  |  64.3304437881861  | 6.286848198817326  | 58.043595287616434 |
|  200  | 64.16348430926983  | 6.257016285627317  | 57.90646678826748  |
|  201  | 63.64802491016877  | 6.230249010232779  | 57.417776641845705 |
|  202  | 63.92315377259866  | 6.298596981733273  | 57.62455519847381  |
|  203  | 63.874241399520486 | 6.2184209906749235 | 57.65582001123673  |
|  204  | 63.915437598595254 |  6.21562709466005  | 57.699809758112984 |
|  205  | 64.16412832406851  | 6.258182547642634  |  57.9059460527469  |
|  206  | 63.56806390224359  | 6.211305058308136  | 57.35675885714017  |
|  207  | 63.84306728265224  | 6.285364134372809  | 57.557703227507766 |
|  208  | 64.49517418885843  | 6.234694198706211  | 58.26047913771409  |
|  209  | 64.27596284523989  | 6.238173662821452  | 58.03778875888922  |
|  210  | 63.68600402832031  | 6.290069179045848  | 57.39593503120618  |
|  211  | 64.64677768022587  | 6.225747434664995  | 58.421029674823465 |
|  212  | 63.66693876608824  | 6.259404984009572  | 57.40753403101212  |
|  213  | 63.60650620680589  | 6.214699081029647  | 57.39180658584986  |
|  214  | 63.594271373259716 | 6.219789925110645  | 57.37448098598382  |
|  215  | 63.98348891820663  | 6.221054487472926  | 57.76243576049805  |
|  216  | 63.57048403617663  | 6.229691182650052  | 57.34079237326598  |
|  217  | 64.13756298358624  | 6.223523607987624  | 57.91403885670197  |
|  218  | 63.77448244926257  | 6.162580719483205  | 57.611902817946216 |
|  219  | 63.84876099806566  | 6.190609402289757  | 57.65815147595528  |
|  220  | 64.15115228114983  | 6.181311256213066  | 57.96984077649239  |
|  221  |  63.4412489475348  | 6.147311492333046  | 57.293936974941154 |
|  222  | 64.03251924954928  | 6.219889496534298  | 57.81262869810447  |
|  223  | 63.74596446501903  | 6.143417461590889  | 57.60254635150616  |
|  224  | 63.32901015844101  | 6.176768693679418  | 57.152240487123144 |
|  225  | 63.58282365847857  | 6.135136503072886  | 57.447688575157756 |
|  226  | 63.912852493677384 | 6.134425344222631  | 57.77842843080178  |
|  227  |  63.4932877369416  | 6.125708699837709  | 57.367578758826625 |
|  228  | 63.639662937262116 | 6.1657230695088705 | 57.47393983889849  |
|  229  | 63.62051755464994  | 6.084760384681897  | 57.535755881285056 |
|  230  | 63.83943574563051  | 6.125945343604455  | 57.713489606808395 |
|  231  | 63.713623938927284 | 6.061718523074419  |  57.6519058227539  |
|  232  | 63.082779975304234 | 6.131661921770145  | 56.95111735026042  |
|  233  | 63.204914175180285 | 6.1378215794685556 | 57.06709365062225  |
|  234  | 63.51310011252379  | 6.0597211544330305 | 57.45337887886243  |
|  235  | 64.03122000669822  | 6.084755785526373  | 57.94646286793244  |
|  236  | 63.67384505051833  | 6.102735776167649  | 57.57110911051432  |
|  237  | 63.65100162603916  | 6.089687536679781  | 57.56131419255183  |
|  238  | 63.68742960611979  | 6.110245899298252  | 57.57718290280073  |
|  239  | 63.79547848823743  | 6.044672284248548  | 57.75080579708784  |
|  240  | 63.76330400124574  | 6.090309995993589  | 57.67299497555464  |
|  241  | 63.32609789726062  | 6.046067694639548  | 57.28003167568109  |
|  242  | 63.46996343368139  | 6.051111704508464  | 57.418851075783756 |
|  243  | 63.17212455945137  | 6.0458245644202595 | 57.12630063179212  |
|  244  | 63.858043690216846 | 6.058049417642446  | 57.799993528708434 |
|  245  | 63.74879610893054  | 6.050427641746325  | 57.698368275960284 |
|  246  | 63.42698444855519  | 6.0417383800408775 | 57.38524632380559  |
|  247  | 63.19955564841246  | 6.028027971218794  | 57.17152812859951  |
|  248  | 63.10662404378255  | 6.024106297615247  | 57.08251763759515  |
|  249  | 63.491221818190354 | 6.025313933934921  | 57.465907162397336 |
|  250  | 64.01809049166165  | 6.0384795707311385 | 57.97960971147586  |
|  251  | 63.65110997126653  | 6.0258667217156825 | 57.62524270082132  |
|  252  | 63.058771002353765 | 6.007529441148807  | 57.05124178764147  |
|  253  | 63.17320562900641  | 6.004454241532546  | 57.16875124026568  |
|  254  | 63.60496533516126  | 6.068755853114984  | 57.53621022933569  |
|  255  | 63.22133786714994  | 6.083860303438627  | 57.13747750697992  |
|  256  | 63.96314971923828  | 5.999871821281237  | 57.963277317927435 |
|  257  | 63.67336162860577  | 5.984099289331681  | 57.68926276965019  |
|  258  | 62.76884006206806  |  5.98932880352705  | 56.77950986813276  |
|  259  | 63.575434272961736 | 5.983793614705403  | 57.59164078541291  |
|  260  | 63.85953169602614  | 5.946679471822885  | 57.91285185593825  |
|  261  |  63.8610643748748  |  5.98237324103331  | 57.87868871444311  |
|  262  | 63.31590449797802  | 5.954842207003862  | 57.36106337718475  |
|  263  | 63.507058324569314 | 5.987435715504182  | 57.51962217282026  |
|  264  | 62.888540758964346 | 6.016043535379263  | 56.87249690911709  |
|  265  | 63.720614772698816 | 5.976752747266721  | 57.74386157304813  |
|  266  | 63.47884217482347  | 5.998603963607397  | 57.48023771237104  |
|  267  | 63.28808190761468  | 6.0207531787187625 | 57.26733037312825  |
|  268  | 63.13672254513472  | 5.990813072889279  | 57.14590905605218  |
|  269  | 63.18820506560497  | 5.974301618918394  | 57.213902853941306 |
|  270  | 63.12138227805113  | 5.935904001089243  | 57.18547756097256  |
|  271  | 63.64357844426082  | 5.971818144871638  |  57.6717594909668  |
|  272  | 63.116609610533104 | 5.9807558651459525 | 57.13585487561348  |
|  273  | 63.07762373312926  | 5.905132741194505  |  57.172491408128   |
|  274  | 62.604362433017826 | 5.922291450011424  | 56.68207066071339  |
|  275  | 63.31556598369892  |  5.86961275491959  | 57.44595120552258  |
|  276  | 63.09417784470778  | 5.930381335723094  | 57.16379674666967  |
|  277  | 63.73064622145433  | 5.908742447877541  | 57.82190435556265  |
|  278  | 63.920573084904596 | 5.878766971001259  | 58.04180645282452  |
|  279  | 63.552715634077025 | 5.897649088639479  | 57.65506628574469  |
|  280  | 63.28812390058469  | 5.920273128411709  | 57.367850549159904 |
|  281  | 63.094407904209234 | 5.894083839318691  | 57.20032452705579  |
|  282  | 63.05776786217323  | 5.887932414519481  | 57.169834915552386 |
|  283  | 63.02021003136268  | 5.890259070763221  |  57.1299513675005  |
|  284  | 62.83395740998097  | 5.912056563939804  | 56.92190022003956  |
|  285  | 63.34978820018279  | 5.8864248153490895 | 57.46336306840946  |
|  286  | 62.68421907082582  | 5.905420566950089  | 56.77879851121169  |
|  287  | 63.165422926682695 |  5.91784858018924  | 57.24757504585462  |
|  288  | 63.43651653583233  | 5.882109810755803  | 57.55440701998197  |
|  289  | 63.629464181753306 | 5.8543146035610105 | 57.77514903141902  |
|  290  | 63.36261399097932  | 5.8832606085752825 | 57.47935474102314  |
|  291  | 63.46811727670523  | 5.847501902457996  | 57.620615519988235 |
|  292  | 63.03219029353215  | 5.854905478159586  | 57.17728564531375  |
|  293  | 63.69206386468349  | 5.860719029842279  |  57.8313444519043  |
|  294  | 63.27472747411483  | 5.873817548996363  | 57.40091037065555  |
|  295  | 63.330455545278696 | 5.810491687089969  | 57.51996523734851  |
|  296  | 62.818187013283755 | 5.849575092609112  | 56.96861074594351  |
|  297  | 62.898394603240185 | 5.847980804932424  | 57.05041482387445  |
|  298  | 63.46541271111904  | 5.815304849575727  | 57.65010757446289  |
|  299  | 63.86341537475586  |  5.85346881475204  | 58.00994648077549  |
|  300  | 62.723582912347254 | 5.826359415298853  | 56.89722349900466  |
|  301  | 62.88903029221755  | 5.814420141073374  | 57.074610799153646 |
|  302  | 62.85745769402919  | 5.876202646891276  | 56.98125379513471  |
|  303  | 63.01815257537059  | 5.852759546133188  | 57.165393903683395 |
|  304  | 63.30762009058243  | 5.817236152551113  | 57.49038565611228  |
|  305  | 63.654735698210885 | 5.829666860531538  |  57.8250686332507  |
|  306  | 62.81319342980018  | 5.831089418362349  | 56.98210533728966  |
|  307  | 62.85554269252679  | 5.876979603400597  | 56.978563615847854 |
|  308  | 63.34264074863532  | 5.822695352603228  | 57.51994634775015  |
|  309  | 63.41425319573818  | 5.858684642987374  | 57.555567803016075 |
|  310  | 62.788455380170774 | 5.851655240670229  | 56.93679953550681  |
|  311  | 62.811823292267626 | 5.8640352239364235 | 56.94778799986228  |
|  312  | 62.68905832926432  | 5.842948270944449  | 56.84610941960261  |
|  313  | 62.872084276248245 | 5.865980181082701  | 57.00610329261193  |
|  314  | 63.031907098232175 | 5.875917098216521  | 57.15598946987054  |
|  315  | 63.34834810697115  | 5.810270783351018  |  57.5380767196264  |
|  316  | 62.664488756228714 | 5.838351627741105  | 56.826137229723805 |
|  317  | 63.53452750964043  | 5.806343012589675  | 57.72818367591271  |
|  318  | 63.25526490822816  |  5.83647250297742  | 57.41879171126928  |
|  319  | 62.92984154334435  | 5.802294942415678  | 57.12754662146935  |
|  320  | 63.61684966258514  | 5.8558791996882515 | 57.76097137059921  |
|  321  | 62.696063107221555 |  5.87122227253058  | 56.824839892265125 |
|  322  | 62.95294062296549  | 5.817561058142246  | 57.13537895007011  |
|  323  | 63.727688982058794 | 5.781585483061962  | 57.94610264313527  |
|  324  | 62.91015605828701  | 5.851679942302215  | 57.05847601083609  |
|  325  | 63.161250907702325 | 5.830046655214749  | 57.33120434100811  |
|  326  | 63.61750681559245  | 5.8339042198963655 |  57.7836038286258  |
|  327  | 62.90690388214894  | 5.835060984782683  |  57.0718427335299  |
|  328  | 62.85606698451898  | 5.855149757678692  | 57.00091756184896  |
|  329  | 63.077902311667415 | 5.847601648966472  | 57.23029950655424  |
|  330  | 62.52742444160657  | 5.842036089285826  | 56.68538954905974  |
|  331  | 63.10352885710888  |  5.76785913956471  | 57.33566873403696  |
|  332  | 62.41661177415114  | 5.878895086141733  | 56.53771702301808  |
|  333  | 63.23459316155849  | 5.818367170676207  | 57.416226047613684 |
|  334  | 63.11953123826247  | 5.843485473730626  | 57.27604579045222  |
|  335  | 62.934244400415665 | 5.8110688238877515 | 57.12317534226638  |
|  336  |  62.5637276947804  | 5.870665614788349  | 56.693062278551935 |
|  337  | 62.834015589004906 | 5.879997088603484  | 56.954017353546924 |
|  338  | 62.89006206023387  | 5.8494996286049865 | 57.04056318625425  |
|  339  | 62.47141104673728  | 5.824269660558456  | 56.647140565529845 |
|  340  | 63.16220146766076  | 5.884363019405267  | 57.277838396903796 |
|  341  | 62.44883204142253  | 5.824530943357027  | 56.62430146437425  |
|  342  | 63.11605446057442  | 5.806415230188614  | 57.30963899270082  |
|  343  | 62.560151930588944 | 5.816845794579922  | 56.74330642308944  |
|  344  | 62.941390267396585 | 5.871250990843161  | 57.07013916406876  |
|  345  | 62.824590649727064 | 5.821439700004382  | 57.00315057999048  |
|  346  |  63.1595370718149  | 5.871174728686993  | 57.28836178510617  |
|  347  | 63.367276544815454 | 5.822990397428855  | 57.54428625253531  |
|  348  | 62.77570316021259  | 5.864855151054186  | 56.91084829085912  |
|  349  | 62.49487962380434  | 5.851959462777162  | 56.64291960496169  |
|  350  | 63.19218021490635  | 5.873900888883151  | 57.31827981410883  |
|  351  | 62.873750978127504 | 5.8261311095800155 | 57.04762013362004  |
|  352  | 62.948162963084684 | 5.801802745721279  | 57.14636059100811  |
|  353  | 63.77209204258063  | 5.804638069837521  | 57.96745442708333  |
|  354  | 62.66413642687675  | 5.867087863530868  | 56.79704781947992  |
|  355  | 63.65959379538511  | 5.807935067201272  | 57.851658919896835 |
|  356  | 63.010006643442004 | 5.831676879295936  |  57.1783304302509  |
|  357  | 63.32063151041667  | 5.827782583481226  | 57.49284923064403  |
|  358  | 62.66905616564628  | 5.8475753383147415 | 56.82148003211388  |
|  359  | 62.76134345812675  | 5.909414998568021  | 56.85192813188602  |
|  360  |  63.3562787491236  |  5.83106151776436  | 57.525217962020484 |
|  361  | 63.08775802221054  |  5.86423647073599  | 57.22352141160231  |
|  362  | 62.727311225304234 | 5.864432442493928  | 56.862878261468346 |
|  363  | 62.508216826610074 | 5.853800651354668  | 56.65441611265525  |
|  364  | 62.82145850939629  | 5.860873148991511  | 56.960584607246595 |
|  365  | 63.46964188795823  | 5.862115638439472  | 57.60752685938126  |
|  366  | 62.96463414901342  | 5.864355094616229  | 57.10028025309245  |
|  367  | 62.96534636277419  | 5.858114444047977  | 57.10723135532477  |
|  368  | 62.952470241448815 | 5.840687259282821  | 57.11178264911358  |
|  369  | 62.82684359036959  | 5.834412767459185  | 56.992430165608724 |
|  370  | 62.61565120599209  | 5.907405806810428  | 56.70824576744666  |
|  371  | 63.201423003367886 | 5.867654191530668  | 57.33376975817558  |
|  372  | 62.730764062343496 | 5.889596184950609  | 56.841167735564404 |
|  373  |  62.4059152730306  | 5.864492346934783  | 56.54142331636869  |
|  374  | 62.84593271500025  | 5.811202050233499  | 57.03472962990785  |
|  375  | 62.49376047770182  | 5.841974613483136  | 56.651786514673475 |
|  376  | 63.50486248309796  | 5.838881544455504  | 57.66598187177609  |
|  377  | 63.06534236027644  | 5.838835816505628  | 57.226507392296426 |
|  378  | 63.07299870417668  | 5.877321093143561  | 57.19567694639548  |
|  379  | 62.47996969369741  | 5.890014452811999  | 56.58995630117563  |
|  380  | 63.18559840275691  | 5.833314711741912  | 57.352283692971255 |
|  381  | 62.400896633832886 | 5.8268750469501205 | 56.57402130518204  |
|  382  | 63.114891122671274 | 5.850696148016514  | 57.26419451982547  |
|  383  | 62.47163116846329  | 5.859298520699525  | 56.612332884959685 |
|  384  | 62.73192299867288  | 5.862148103958521  | 56.86977400168394  |
|  385  | 63.005206478803586 | 5.820725387181991  | 57.18447993351863  |
|  386  | 63.033467931502905 | 5.828557508908785  | 57.204910728258966 |
|  387  | 63.26656356811523  | 5.792798998416998  | 57.47376390506059  |
|  388  | 62.46526441133939  | 5.855153387509859  | 56.610111561310596 |
|  389  | 62.68629685230744  | 5.792344265962258  | 56.89395362658379  |
|  390  | 62.69617696908804  | 5.794601119114803  | 56.90157544649564  |
|  391  | 62.502093400221604 | 5.782405724158654  | 56.71968701876127  |
|  392  | 63.265716717059796 | 5.822638628054888  | 57.44307893410707  |
|  393  | 62.98142429449619  | 5.761939436105582  | 57.219485724033454 |
|  394  | 62.925335450783756 |  5.7909806398245   | 57.134354017208786 |
|  395  | 62.29559028821114  | 5.799585859836676  | 56.49600434914613  |
|  396  | 62.49657301291441  | 5.802319021469508  | 56.69425385303986  |
|  397  | 63.05797105055589  | 5.794005398872571  | 57.26396521152594  |
|  398  | 63.41954056568635  | 5.732404823303223  | 57.68713397295047  |
|  399  | 62.61362494835487  | 5.801518385960506  | 56.812106421054935 |
|  400  | 62.42946723351112  | 5.762615800026135  | 56.66685025337415  |
|  401  | 62.79914254212991  | 5.741111206641564  | 57.05803178053636  |
|  402  | 63.28150482568985  | 5.750568474011543  | 57.53093585283328  |
|  403  |  63.0721130449344  | 5.776500454927102  | 57.29561257386819  |
|  404  | 62.478338740422174 | 5.750303537906745  | 56.72803483620668  |
|  405  | 63.06008026123047  | 5.712854488079365  | 57.34722601083609  |
|  406  | 62.396596210186296 | 5.738735858232547  | 56.65786094469902  |
|  407  | 63.066497552333736 | 5.710557383023776  | 57.355941529885314 |
|  408  | 63.02353908049755  | 5.793794546860915  | 57.22974404750726  |
|  409  | 62.199248434213494 | 5.8150935852833285 | 56.38415494478666  |
|  410  | 62.918358592497995 | 5.736306937780136  | 57.18205193935297  |
|  411  | 63.00430880815555  | 5.705795325254782  | 57.29851314446865  |
|  412  | 62.77313352535933  | 5.744110477154072  | 57.02902283497346  |
|  413  | 62.953964018210385 | 5.729730827135917  | 57.22423259246044  |
|  414  | 62.536758313301284 | 5.678526710119003  | 56.85823235927484  |
|  415  | 62.85186263646835  | 5.654617317395332  | 57.197245538173576 |
|  416  | 62.72383231138572  | 5.664446761791523  | 57.05938544640174  |
|  417  | 62.322386889335434 | 5.716649002662072  | 56.60573715209961  |
|  418  | 62.14728045732547  | 5.770937195802346  | 56.37634255824945  |
|  419  | 62.74356367453551  | 5.740079899812356  | 57.00348482963366  |
|  420  | 62.718006349221255 |  5.64620361719376  | 57.07180270855243  |
|  421  | 62.719718228853665 | 5.697488793593187  | 57.02223123403696  |
|  422  | 63.12623967879858  | 5.630296702751747  | 57.495943204439605 |
|  423  | 63.25014548277244  | 5.7062856087317835 | 57.54385995326898  |
|  424  |  62.7923691813151  | 5.750812476231502  | 57.041556881635614 |
|  425  | 62.345433494372244 | 5.668141761681972  | 56.67729219876803  |
|  426  | 62.48590549566807  | 5.653997260851738  | 56.831908420660554 |
|  427  | 63.11307173508864  | 5.624801357953976  | 57.48827094053611  |
|  428  | 63.041982953976365 | 5.677595361073812  | 57.36438681578025  |
|  429  | 62.37494448148287  | 5.678068911723601  | 56.69687532082582  |
|  430  |  62.7783372262808  | 5.684148750305176  | 57.094188682360524 |
|  431  | 62.45662190755208  | 5.713008986742069  |  56.7436136333759  |
|  432  | 62.37597308036609  | 5.687144661927834  | 56.68882794502454  |
|  433  | 62.01846181233724  | 5.732203308007656  | 56.286258419721555 |
|  434  | 63.19790005806165  | 5.693178102542192  | 57.50472072894757  |
|  435  |  62.6678232437525  | 5.690769299238156  | 56.977054196871244 |
|  436  | 62.97749000744942  | 5.730126047378931  | 57.24736292521159  |
|  437  | 62.908913722894134 | 5.663032102829371  | 57.24588188367012  |
|  438  | 62.89355797400842  | 5.672118518535908  | 57.221439733260716 |
|  439  | 62.33730898734851  | 5.688022121038192  | 56.649285884759365 |
|  440  | 63.181721629607374 | 5.6544246003566645 | 57.52729634211614  |
|  441  | 61.917735654390775 | 5.667482711596366  | 56.25025337023613  |
|  442  |  62.0563756619967  | 5.698731757432986  | 56.357643377842045 |
|  443  | 62.98181398049379  | 5.668504365285238  | 57.31331069946289  |
|  444  | 62.565201873779294 | 5.717325930473132  | 56.84787688035232  |
|  445  | 62.73062336457081  | 5.660269539661897  | 57.07035324879182  |
|  446  | 62.11626168666742  | 5.726284792484381  | 56.389977358304535 |
|  447  | 62.79473923120743  | 5.700392273633908  | 57.094346430851864 |
|  448  | 62.925572791466344 | 5.713533017574212  | 57.21203993577224  |
|  449  | 62.098617847149185 | 5.696536556146084  |  56.4020809780023  |
|  450  | 63.208108751345904 | 5.662188849815956  | 57.54591927161584  |
|  451  |  62.4658346870618  | 5.734102629637107  | 56.731731328719704 |
|  452  | 62.65130840594952  | 5.643584466102796  | 57.00772336519682  |
|  453  | 63.09685552352514  | 5.693649617708647  | 57.40320598113231  |
|  454  |  62.7683059770633  | 5.756443930405837  | 57.01186203394181  |
|  455  | 62.55145892020984  | 5.703973683088254  | 56.84748534373748  |
|  456  | 62.44011057535807  | 5.674976826692239  | 56.76513540023412  |
|  457  | 62.494643754225514 | 5.688159996423966  | 56.806484304574816 |
|  458  | 62.44244510357196  | 5.669475865486341  | 56.77296834701147  |
|  459  |  62.3988041804387  | 5.684333184071076  |  56.7144709738707  |
|  460  | 62.84993209447616  | 5.7129389973175835 | 57.13699243790064  |
|  461  | 62.40586419521234  | 5.652981652968969  | 56.752881833589996 |
|  462  |  62.9491673435309  | 5.6580423702337805 | 57.29112452580379  |
|  463  | 62.88449382292919  | 5.729860250032865  | 57.15463368733724  |
|  464  | 63.00319549560547  | 5.683157291901417  | 57.32003641373072  |
|  465  | 63.09100993621043  | 5.688641440073649  | 57.402369118714944 |
|  466  | 62.495304408929286 | 5.6840917406326685 | 56.811212248190856 |
|  467  | 62.78601864154522  | 5.707180166978103  | 57.07883836403871  |
|  468  | 63.116175204546025 | 5.6593354435456105 | 57.456839967385314 |
|  469  | 62.233724486522185 | 5.671215103834103  | 56.562508638822116 |
|  470  | 62.75289306640625  | 5.607964328863682  |  57.1449291796562  |
|  471  |  62.335830078125   | 5.664601034995837  | 56.67122911110902  |
|  472  | 62.55197443644206  | 5.628670124151768  | 56.92330481113532  |
|  473  | 63.064428773537664 | 5.650916104928041  | 57.41351269061749  |
|  474  | 62.69163950210962  | 5.639887479146322  | 57.05175282796224  |
|  475  | 62.56373901367188  | 5.639592687655718  | 56.924146869365984 |
|  476  | 62.64021041870117  | 5.6757206295698115 | 56.964490626408505 |
|  477  | 62.92430167173728  | 5.699630086360834  | 57.224671603471805 |
|  478  | 62.96681984925881  | 5.686663603171324  | 57.28015746679061  |
|  479  | 62.70642639551407  |  5.65268578798343  | 57.05374078995142  |
|  480  | 62.72059366861979  | 5.708889606671455  | 57.01170527922802  |
|  481  | 62.97314178075546  | 5.725557237771842  | 57.24758578960712  |
|  482  | 62.03474177042643  | 5.7127869963034605 | 56.32195540208083  |
|  483  | 62.501622826991934 |  5.76590329683744  | 56.73571874765249  |
|  484  | 62.26430696927584  | 5.671543351197854  | 56.59276485736554  |
|  485  | 62.85081579746344  | 5.6412480324965255 | 57.20956798064403  |
|  486  | 63.02564152644231  | 5.689024690970396  | 57.336617779854016 |
|  487  | 63.017662302652994 | 5.714428709959373  | 57.30323364257813  |
|  488  | 62.84750065730168  | 5.6712703523880394 | 57.176229619735324 |
|  489  | 62.49353045341296  | 5.6609871023129195 | 56.832543135422924 |
|  490  | 62.45041147476588  | 5.711695638314271  |  56.7387160941882  |
|  491  | 62.47801526974409  | 5.722646969037179  | 56.755367556840945 |
|  492  | 62.308519216684196 | 5.693639740577111  | 56.61488008156801  |
|  493  | 62.83927860749073  | 5.7103801140418415 | 57.12889955569536  |
|  494  | 62.60920724722055  | 5.686081940088517  | 56.92312577467698  |
|  495  | 62.98045595217974  | 5.693766884926038  | 57.28668924967448  |
|  496  | 62.535313638540416 | 5.652486181503687  | 56.88282679239909  |
|  497  | 63.41362013596755  | 5.641876713190324  | 57.771743739201476 |
|  498  | 62.464346399551786 | 5.698626782343938  | 56.76572006616837  |
|  499  | 62.576831704164164 | 5.658153186700283  | 56.91867941049429  |
|  500  | 61.72504385141226  | 5.688682231414012  |  56.0363623046875  |
|  501  | 62.720897924961186 | 5.638196260990241  | 57.08270112648989  |
|  502  | 62.586485787416116 | 5.638076668763772  | 56.94840852003831  |
|  503  | 63.13085260635767  | 5.625226290287116  | 57.505626118977865 |
|  504  | 63.13185747978015  | 5.6994598682110125 | 57.43239733182467  |
|  505  | 62.357192163711936 | 5.590340317946214  | 56.76685309385642  |
|  506  | 62.33489798521384  | 5.651017159682054  | 56.683881526849206 |
|  507  | 62.508319612160705 | 5.6548458554194525 | 56.853471965300734 |
|  508  | 62.41425631792117  | 5.7303204678266475 | 56.68393506563627  |
|  509  | 61.81540742531801  | 5.633997946030054  | 56.18140993558443  |
|  510  | 62.714806440304486 | 5.637284428034073  | 57.077522520407655 |
|  511  | 63.177709393623545 | 5.562146688118959  | 57.615563182341745 |
|  512  |  62.4172603118114  | 5.660514044639392  | 56.756746399708284 |
|  513  | 62.23935874743339  |  5.65583037792108  | 56.583528422820265 |
|  514  | 63.05865200727414  | 5.631505456582094  | 57.42714618780674  |
|  515  | 62.44482975495167  | 5.587839827904334  | 56.85698972261869  |
|  516  | 62.71903615315755  | 5.605117032466791  | 57.11392015897311  |
|  517  | 62.498451412885615 | 5.628036215855525  | 56.87041456564879  |
|  518  | 62.634915986672425 | 5.648925890311217  | 56.98598940727038  |
|  519  | 61.78871024498573  | 5.590179157746144  |  56.1985324605306  |
|  520  | 62.33717057448167  | 5.602170871832432  | 56.73499917054788  |
|  521  | 62.07596463716947  | 5.623813939216809  | 56.452149650378104 |
|  522  | 62.240225419264576 | 5.657489776122264  | 56.582735407902646 |
|  523  | 62.845918762989534 | 5.589063759339162  | 57.25685388418344  |
|  524  | 62.639436762883115 | 5.614757641034249  | 57.02467854035206  |
|  525  | 62.41376041510166  | 5.596057011041886  | 56.81770284799429  |
|  526  | 62.348366871369194 | 5.582433287302653  | 56.765933939615884 |
|  527  | 63.191122459998496 | 5.601902985695081  | 57.58921967335236  |
|  528  | 62.63568627773187  | 5.564426981608073  | 57.071258638822115 |
|  529  | 62.498589645776995 | 5.528222472851093  | 56.970367380777994 |
|  530  | 62.69160098344852  | 5.586310003231733  | 57.10529012044271  |
|  531  | 61.89018357105744  | 5.606967431581937  | 56.283217069185696 |
|  532  | 62.47138127253606  | 5.566344380990053  | 56.90503711407001  |
|  533  | 62.130814342009714 |  5.59465575780624  | 56.53615912021735  |
|  534  | 62.203304959810694 | 5.5640076485658305 | 56.63929768880208  |
|  535  | 62.044298322628705 | 5.593387095133464  | 56.450911407470706 |
|  536  | 62.396955981132315 | 5.611796630957188  | 56.78515830798027  |
|  537  | 62.75442063551683  | 5.539180317414113  | 57.21523906609951  |
|  538  | 62.34455821501903  | 5.590669362972944  | 56.753888365916715 |
|  539  | 62.22223380064353  |  5.57152444643852  | 56.65070938892853  |
|  540  | 62.656686346592046 | 5.559326321528508  | 57.09735972086589  |
|  541  | 62.105721451196914 | 5.541640413235395  | 56.56408142481095  |
|  542  | 62.48933551494892  | 5.6100219178811095 | 56.87931434826973  |
|  543  | 62.615640074901094 | 5.514770071078569  | 57.100869919214496 |
|  544  | 62.19682047526042  | 5.549262253198868  | 56.64755794427334  |
|  545  | 62.04889062343499  | 5.555223021384998  | 56.49366727780073  |
|  546  | 62.24373834072015  | 5.545605690295879  | 56.69813245724409  |
|  547  | 62.084217427571616 | 5.544336064656576  | 56.53988029675606  |
|  548  |  62.3890529300005  | 5.5484888766362115 | 56.84056337405474  |
|  549  | 62.007054032545824 | 5.588319361760066  | 56.418735073774286 |
|  550  | 62.193053076328376 | 5.568617428021553  | 56.62443650074494  |
|  551  | 62.06763000879532  | 5.620685772529015  | 56.44694342588767  |
|  552  | 62.56549289801182  | 5.562814191182454  | 57.002678723457535 |
|  553  | 62.08059067554963  | 5.515297713646522  | 56.56529194758489  |
|  554  | 61.98122337145683  |  5.53210386912028  |  56.4491196109087  |
|  555  | 63.052324664776144 | 5.533557100540552  | 57.51876633081681  |
|  556  | 62.47440165593074  | 5.582130258022211  | 56.89227142725235  |
|  557  | 62.61202057667268  | 5.5885022138937925 | 57.023518942808494 |
|  558  | 62.12097372593024  |  5.54379001275087  | 56.577184311304336 |
|  559  | 62.69257709209736  | 5.516842631315574  | 57.175734432905145 |
|  560  | 62.473989883814106 | 5.526614056611672  | 56.947374862279645 |
|  561  | 62.76611455281576  | 5.563659406319642  | 57.20245507655999  |
|  562  | 62.43494877741887  |  5.51588944997543  | 56.919059053078676 |
|  563  | 62.34455194717798  | 5.567108501532139  | 56.77744396503155  |
|  564  | 62.18554185133714  | 5.541078701019287  | 56.644463990040315 |
|  565  |   61.89710351406   | 5.574559186788706  | 56.32254495865259  |
|  566  | 62.162699616261015 | 5.541814469557542  | 56.62088521321615  |
|  567  | 62.24279666998447  |  5.55091965406369  | 56.69187731229342  |
|  568  | 62.28730087671524  | 5.588234886267246  | 56.69906665899815  |
|  569  | 62.69389489980844  | 5.591018142700196  |  57.1028764460637  |
|  570  | 62.56913964295999  |  5.52363466213911  | 57.04550496419271  |
|  571  | 61.91918754773262  | 5.527435196118477  | 56.39175283969977  |
|  572  | 62.285540740184295 | 5.536179987589518  | 56.749361376640124 |
|  573  | 62.254524543957835 | 5.541181507110596  | 56.71334269988231  |
|  574  | 62.638361096504404 | 5.549857871226775  | 57.08850302280524  |
|  575  | 62.438141448192106 | 5.460276027092567  | 56.97786601922451  |
|  576  | 62.56079405955779  | 5.541946151929024  | 57.01884739411183  |
|  577  | 62.243436795748195 | 5.554594416985145  | 56.688841670109674 |
|  578  | 62.422674357096355 | 5.490930574857272  | 56.93174412653996  |
|  579  | 61.852021769988234 | 5.566638611524533  | 56.28538391504532  |
|  580  | 62.16788052289914  | 5.5529524671114405 | 56.614928350204075 |
|  581  | 62.04586595584185  | 5.589386601570325  | 56.45647903051132  |
|  582  | 62.01081495627379  | 5.576292558816763  | 56.43452251336513  |
|  583  | 62.20537993602264  | 5.5285668221498145 | 56.676813268416964 |
|  584  | 61.717918881147334 | 5.592971663841834  | 56.12494651598808  |
|  585  |  62.4400723031851  | 5.541545853737073  | 56.89852568015074  |
|  586  | 61.91287362905649  | 5.521116198515281  | 56.39175738603641  |
|  587  | 62.232596826797874 | 5.541938213446201  |  56.6906590623122  |
|  588  | 62.71428676507412  | 5.513657358609713  | 57.20062970283704  |
|  589  | 62.905742934789416 | 5.566574198404948  | 57.33916826688326  |
|  590  | 62.30888856154222  |  5.56243901179387  | 56.74644998794947  |
|  591  | 62.260306052183495 | 5.600737464611347  | 56.65956762460562  |
|  592  |  62.0611869538136  | 5.554631026341365  | 56.50655552790715  |
|  593  | 62.54206418550932  | 5.575962573809502  | 56.966100256504156 |
|  594  | 61.966675978440506 | 5.563816378177741  | 56.40285952837039  |
|  595  | 61.90482775957157  | 5.556422208150228  | 56.348405417417865 |
|  596  | 62.19091943202874  | 5.6187618426787544 | 56.572157561473354 |
|  597  | 62.260227864583335 | 5.557806477179894  | 56.70242141332382  |
|  598  | 62.019849329239285 | 5.577895987094977  | 56.44195349668845  |
|  599  | 62.25567241570889  | 5.513102651742789  | 56.74257041735527  |
|  600  | 62.30303490663186  | 5.5672793412819885 | 56.73575599083534  |
|  601  | 62.784486588698165 | 5.601205831185365  | 57.18328010754708  |
|  602  | 62.54145694439228  |  5.5326296825898   | 57.00882793719952  |
|  603  | 62.100255040877904 | 5.500824167789557  | 56.599431821382964 |
|  604  | 62.493648161276795 | 5.529282764043564  | 56.96436528523763  |
|  605  | 62.91245646158854  | 5.539208681644538  | 57.37324748895107  |
|  606  | 62.831340472881614 | 5.5221592081510105 | 57.30917976966271  |
|  607  | 62.61207290258163  | 5.558565456683819  | 57.05350954104693  |
|  608  | 61.98275209475786  | 5.5240293551713995 | 56.45872292543069  |
|  609  | 63.267036938789566 | 5.542805197789119  | 57.724231892121146 |
|  610  | 62.936034495035805 |  5.54428585932805  | 57.39174860245142  |
|  611  | 61.78978022648738  | 5.577761844243759  | 56.212018546079975 |
|  612  | 61.74962437165089  | 5.571002252040765  | 56.178621583596254 |
|  613  | 62.118456057035004 | 5.589079505235721  | 56.529375653389174 |
|  614  | 62.29343685834836  | 5.543660379067445  | 56.74977614965194  |
|  615  | 62.16723714192708  | 5.581984325800186  | 56.58525281074719  |
|  616  | 62.25719160422301  | 5.555032038566393  | 56.702160081129804 |
|  617  | 61.36879538511619  | 5.590834086491512  | 55.77796177008213  |
|  618  | 62.106275435227616 | 5.549383558126596  | 56.55689172206781  |
|  619  | 62.86358865591196  | 5.526656340574607  | 57.336931743132766 |
|  620  | 61.92042724609375  | 5.538988436185397  | 56.38143859080779  |
|  621  | 61.86634797707582  | 5.544359032068497  | 56.321989714793666 |
|  622  | 62.11732078356621  |  5.54997510763315  | 56.567344689002404 |
|  623  | 62.46034326015375  | 5.510644407027807  | 56.94969899104192  |
|  624  |  61.9481744150015  | 5.517111628116705  | 56.43106288420849  |
|  625  | 62.48594241411258  | 5.532596284426176  | 56.95334591596554  |
|  626  | 61.78890880095653  | 5.5427845343565325 | 56.24612443972857  |
|  627  | 61.60794529450246  | 5.505816442049467  | 56.10212992741511  |
|  628  | 61.84841791397486  | 5.564464858617538  | 56.28395262106871  |
|  629  | 62.140983362442405 | 5.509153294685559  | 56.63182779556666  |
|  630  | 63.037484404735075 | 5.437408014933268  | 57.600076110057344 |
|  631  | 62.20853609916492  | 5.552030397072817  | 56.65650605030549  |
|  632  | 62.70156657292293  | 5.509400155972211  | 57.19216540605594  |
|  633  | 61.92235043647962  | 5.533927942911784  | 56.38842302762545  |
|  634  | 61.995305707882615 | 5.558206728910789  | 56.43709962893755  |
|  635  | 62.29649910951272  | 5.4726806890047515 | 56.82381786248623  |
|  636  | 62.24421268952199  | 5.511540859907101  | 56.732671082325474 |
|  637  | 61.938285518548426 | 5.505487526624631  | 56.43279839540139  |
|  638  | 62.83675858717698  | 5.486232003921118  | 57.35052599393404  |
|  639  | 62.65583594689002  | 5.488886453188383  | 57.16695073445638  |
|  640  | 62.337863350892675 | 5.490989379393748  | 56.84687338413336  |
|  641  | 61.71754887116261  | 5.477524026234945  | 56.24002422626202  |
|  642  | 62.485519702617935 | 5.5239569859626965 | 56.961562022673775 |
|  643  | 62.38170646471855  | 5.544550768534342  | 56.837156270345055 |
|  644  | 62.25039334810697  | 5.536471439752823  | 56.71392310509315  |
|  645  | 61.97404729989859  | 5.537051164675981  | 56.436995016244744 |
|  646  | 61.74076529087164  | 5.496529201605381  | 56.24423579680614  |
|  647  | 62.47560990944887  | 5.4744812984955615 | 57.001128868689904 |
|  648  | 61.529883481539215 | 5.520727510696802  | 56.00915542602539  |
|  649  | 62.360296266995945 | 5.452001813252767  |  56.9082934374687  |
|  650  | 62.158040266770584 | 5.473830913641514  | 56.68420955168895  |
|  651  | 62.25887552114634  | 5.434494959024283  | 56.82438016842573  |
|  652  | 62.19284795516577  | 5.4313980244367555 | 56.76144976102389  |
|  653  | 62.14095643654848  | 5.497803580455291  | 56.64315296270908  |
|  654  | 61.904487038636816 |  5.46491076542781  | 56.43957692855444  |
|  655  | 62.25968305930113  | 5.486354374029697  | 56.773328031882265 |
|  656  | 62.682888762645234 | 5.439113994500576  | 57.24377461360051  |
|  657  |  61.6333758192796  | 5.445120206001477  | 56.18825645251152  |
|  658  |  62.0969232412485  | 5.487801755269368  | 56.60912240444085  |
|  659  | 62.583001216008114 | 5.451753045595609  | 57.13124793419471  |
|  660  | 62.16984853499975  | 5.510655203110132  | 56.659193858611275 |
|  661  |  62.0985612096542  | 5.509830028827373  | 56.58873199462891  |
|  662  | 62.15154376298953  | 5.480267389248579  | 56.67127730149489  |
|  663  | 61.65396277794471  |  5.48975828904372  | 56.16420276348408  |
|  664  | 62.06845476981921  | 5.4247967451046675 |  56.6436576178135  |
|  665  | 61.87609333918645  | 5.434926127898388  | 56.44116705087515  |
|  666  | 62.145562184651695 | 5.459257647196452  | 56.68630468123998  |
|  667  | 62.03273021991436  | 5.468974505693485  | 56.563756021352916 |
|  668  | 62.086714696639625 | 5.456490842379057  | 56.630223885560646 |
|  669  | 61.97084401057317  | 5.4303543389149205 | 56.540489822778945 |
|  670  | 62.38294323652219  | 5.444761874859149  | 56.938180111616084 |
|  671  | 61.981661138290015 |  5.51001775203607  | 56.47164396628355  |
|  672  | 62.18426656869742  | 5.451163992270446  | 56.73310202965369  |
|  673  | 62.136473506047174 | 5.460575835399139  | 56.67589704464643  |
|  674  | 61.66692452846429  | 5.431968341240516  | 56.234955338698164 |
|  675  | 61.722495015462236 | 5.470606992183588  | 56.251888967660754 |
|  676  | 61.71422254904723  | 5.450029731163612  | 56.26419256748297  |
|  677  | 61.08303465231871  | 5.455037064185509  | 55.62799741304838  |
|  678  | 61.99114911201673  | 5.4626988992935575 | 56.52844893626678  |
|  679  | 61.82740229288737  |  5.46576431910197  | 56.36163855919471  |
|  680  | 61.87591923640325  | 5.445426471416766  | 56.43049320710011  |
|  681  | 62.180038397373295 | 5.400480946760911  | 56.77955670479017  |
|  682  | 61.84931798690405  | 5.470054818177834  | 56.379262225811296 |
|  683  | 62.126368126502406 | 5.493799966176351  | 56.632569857866336 |
|  684  | 61.634891572609924 | 5.439719353211232  | 56.19517119187575  |
|  685  | 61.849025319417315 | 5.466326541411571  | 56.382698606833436 |
|  686  | 62.271653442382814 | 5.4279293925945575 | 56.843723516219704 |
|  687  | 61.72594007443159  | 5.4380263304099055 | 56.28791384183444  |
|  688  | 62.32719991830679  | 5.395541356893686  | 56.93165807870718  |
|  689  | 61.54466127835787  | 5.439224332662729  | 56.10543692564353  |
|  690  | 62.119032890124195 | 5.459639851007706  | 56.65939349052233  |
|  691  | 61.78733764257186  | 5.422425573789156  | 56.36491203894982  |
|  692  | 61.83236289391151  |  5.42480179908948  | 56.40756124251928  |
|  693  | 61.60702894161909  | 5.408519488603641  | 56.19850964277219  |
|  694  | 62.014843863462794 | 5.457484858097175  | 56.55735844930013  |
|  695  | 61.44003478221404  | 5.489300061250344  | 55.950734577668015 |
|  696  | 61.970734151204425 | 5.461786419306046  | 56.50894696749174  |
|  697  |  62.3665485166892  | 5.465383996229906  | 56.90116391304212  |
|  698  | 62.98398781018379  | 5.494627109429775  | 57.48936025374975  |
|  699  | 61.81995072193635  | 5.410931730514918  | 56.40901911808894  |
|  700  | 61.78462054130359  | 5.501957285954402  | 56.28266294039213  |
|  701  | 62.253937229254305 | 5.451788744804187  | 56.80214870355068  |
|  702  | 61.45883069943159  | 5.4083889565101035 | 56.050440759903346 |
|  703  | 61.76005606626853  | 5.438421041537554  | 56.321635092710835 |
|  704  | 61.676437835693356 | 5.455072328127348  | 56.22136586115911  |
|  705  | 61.943900029109074 | 5.4958765113048065 | 56.44802361904046  |
|  706  | 61.85763138208634  | 5.456113267556215  | 56.40151786217323  |
|  707  | 61.41201907035632  | 5.452409405830579  | 55.95960881551107  |
|  708  | 62.38259611472105  |  5.44396446961623  | 56.93863124358349  |
|  709  | 61.51237131754557  | 5.4309499129270895 | 56.08141998682267  |
|  710  | 62.168689293494594 | 5.465306409200033  |  56.7033833978115  |
|  711  | 61.63430205516326  | 5.395231007796068  | 56.23907076713366  |
|  712  | 62.21023604172927  | 5.434371870970114  | 56.77586409348708  |
|  713  | 61.60090112539438  | 5.455449135120098  | 56.14545232528295  |
|  714  | 62.01129872639974  | 5.459022224621895  | 56.55227606748923  |
|  715  | 62.023548728747244 | 5.400822123992137  | 56.62272513365134  |
|  716  | 62.13792741824419  |  5.49040261831039  | 56.64752349462265  |
|  717  | 61.50785606188652  | 5.494900016784668  | 56.01295634343074  |
|  718  | 61.38841378236428  | 5.486044584421011  | 55.90236962342873  |
|  719  | 61.29222538092198  | 5.438338674887633  | 55.85388721955128  |
|  720  | 62.13040213169196  |  5.45173828907502  | 56.67866505940755  |
|  721  | 61.80279426770333  | 5.466366707239396  | 56.336428296993944 |
|  722  | 61.48399940295097  | 5.449649424919715  | 56.03434939262195  |
|  723  | 62.26337784204728  |  5.44232688561464  | 56.82105095105293  |
|  724  | 61.964416887332234 | 5.426586450430063  | 56.53783018454527  |
|  725  | 61.76823299310146  | 5.450760363554343  | 56.317472651554986 |
|  726  | 61.96085406572391  | 5.447970113998804  | 56.51288263174204  |
|  727  | 62.65527225983448  | 5.428341799515945  | 57.226930502867084 |
|  728  | 62.29406747671274  | 5.459801034193773  | 56.83426514845628  |
|  729  | 62.21088924310146  | 5.487181435120411  | 56.723707627516525 |
|  730  | 62.13884137275891  | 5.456789884811792  | 56.682051309438855 |
|  731  | 61.961815279447116 | 5.468836237589518  | 56.49297916901417  |
|  732  | 61.70999378693409  | 5.474640331757374  | 56.23535435211964  |
|  733  | 62.12885320810171  | 5.482232409746219  | 56.64662101941231  |
|  734  | 61.282411158635064 | 5.505166957561786  | 55.777244528745996 |
|  735  | 62.076226775340544 | 5.404588804000463  | 56.67163829705654  |
|  736  | 62.107626018035106 |  5.44658140427027  | 56.66104541485126  |
|  737  | 62.429043477376304 | 5.476269397735596  | 56.95277436476487  |
|  738  | 62.915180499737076 | 5.476270543122903  | 57.43890997862204  |
|  739  | 61.724005596454326 | 5.5274686671526005 | 56.19653588319436  |
|  740  | 62.12664529653696  |  5.48725987018683  | 56.639387547419624 |
|  741  | 61.985779794546275 | 5.465113205542931  |  56.520666601719   |
|  742  | 61.89751671033028  | 5.4524137125259795 |  56.4451032041892  |
|  743  | 61.604425487029246 |  5.4651738572732   | 56.139251732459435 |
|  744  | 62.50496843386919  | 5.452022504561986  | 57.05294650738056  |
|  745  | 62.280189185509315 | 5.436675786727514  |  56.8435141773713  |
|  746  | 61.676815310747195 | 5.430462330060127  | 56.24635284815079  |
|  747  | 61.71748175596579  | 5.433023245884822  | 56.284458911602314 |
|  748  | 62.05200235220102  | 5.461872674501859  | 56.59012953929412  |
|  749  | 62.298787337083084 | 5.466525588402381  | 56.83226141905173  |
|  750  | 62.30571842682667  | 5.444453518207257  | 56.86126521966396  |
|  751  | 61.93714209532126  | 5.4683736923413395 | 56.46876856877254  |
|  752  | 61.788424530029296 | 5.469174941625351  | 56.31924965100411  |
|  753  | 62.08516142625075  | 5.4394336910736865 |  56.6457276173127  |
|  754  | 62.111261768830126 | 5.453388439080654  | 56.65787348820613  |
|  755  | 62.36877471532577  | 5.429457175425994  | 56.93931767781576  |
|  756  | 60.858317616780596 | 5.4324790954589846 | 55.42583939381135  |
|  757  | 61.80317724765875  |  5.5087140528361   | 56.29446333665114  |
|  758  | 62.04826450836964  | 5.428328743470021  | 56.619935181446564 |
|  759  | 61.33463151980669  | 5.408859911209498  | 55.92577137873723  |
|  760  | 61.499684053078674 | 5.453587557474772  | 56.04609598013071  |
|  761  | 62.318117448855666 | 5.401897837320964  | 56.91622029622396  |
|  762  | 61.618605460142476 | 5.463453125586876  | 56.15515322562976  |
|  763  | 61.88571962796725  | 5.4691571162297175 | 56.41656185443585  |
|  764  | 61.69656391632863  | 5.432170753968068  | 56.26439219548152  |
|  765  |  61.8408566792806  | 5.456370818309295  | 56.38448510976938  |
|  766  | 62.12193375416291  | 5.411792841691237  | 56.71014074472281  |
|  767  | 61.59661742772811  | 5.407386619372246  | 56.18923077314328  |
|  768  | 61.586504168388174 | 5.401560875819279  | 56.18494292430388  |
|  769  | 61.634534387833035 |  5.40113312403361  | 56.23340337900015  |
|  770  | 61.742687471829925 | 5.451317138182811  | 56.291371002197266 |
|  771  | 62.27875669039213  | 5.397745957985903  | 56.88101157946464  |
|  772  | 61.75798215817183  | 5.431436096093593  | 56.32654682257237  |
|  773  | 62.04039103581355  | 5.398530141390287  | 56.64186088366386  |
|  774  | 62.45899211394481  | 5.407398075690637  | 57.05159345969176  |
|  775  | 62.44670079549154  | 5.433741700099064  | 57.01296049460387  |
|  776  | 61.78591458834135  | 5.399347600203294  | 56.38656693287385  |
|  777  | 62.480030087202024 | 5.4052344566736465 | 57.07479611127805  |
|  778  | 62.14970088469676  | 5.367853271777813  | 56.78184743245443  |
|  779  |  61.9674483196552  | 5.379313145172902  | 56.58813555203951  |
|  780  | 62.238058444292115 | 5.4051481623527335 | 56.83290944808569  |
|  781  |  62.0903515233749  | 5.417903086344401  | 56.672449689033705 |
|  782  | 61.84276836297451  | 5.406881481072841  | 56.435887572459684 |
|  783  | 62.25311228825496  | 5.383545896579058  | 56.86956557445037  |
|  784  | 62.16329761994191  | 5.4289456108288885 | 56.73435237004207  |
|  785  | 61.983008731939854 | 5.383193141252566  | 56.59981413621169  |
|  786  | 61.40339896960136  | 5.347547144278502  | 56.05585165953025  |
|  787  | 61.46158412444286  | 5.409430627578344  | 56.052154098901994 |
|  788  | 61.74960038405198  | 5.377674016218919  | 56.371926649044724 |
|  789  | 61.827325666378705 | 5.383517255538549  | 56.44381005702875  |
|  790  | 61.74991664397411  | 5.369947484823373  |  56.3799682421562  |
|  791  | 62.35225157517653  | 5.3877299054463705 | 56.96452216515174  |
|  792  | 61.61963231404622  | 5.400388690752861  | 56.21924310928736  |
|  793  | 62.32834123660356  | 5.378698931473952  | 56.94964146931966  |
|  794  | 62.04249157636593  | 5.378341828370706  | 56.664149134709284 |
|  795  | 62.50613233517378  | 5.419464765206361  | 57.08666643974109  |
|  796  | 61.74586034921499  | 5.350728608644926  |  56.3951315229367  |
|  797  | 61.999693008814106 | 5.329034259013641  | 56.67065809983474  |
|  798  | 61.79467650584685  | 5.397925573006654  | 56.39675065651918  |
|  799  | 61.868830081255005 | 5.397498479500795  |  56.4713320727226  |
|  800  | 61.58004596808018  | 5.370952020302797  | 56.20909376878005  |
|  801  | 61.65263478988256  |  5.37995116404998  | 56.27268419314653  |
|  802  | 62.00845543885843  | 5.386857962486071  | 56.62159844031701  |
|  803  | 61.857676458114234 | 5.370192365890894  |  56.4874856645633  |
|  804  | 61.839423515124196 | 5.375495755122258  | 56.46392780793019  |
|  805  | 61.35695335192558  | 5.406043221889398  | 55.950911563971104 |
|  806  | 61.043333141620344 | 5.351431593772692  | 55.69190095167894  |
|  807  | 62.148169723901994 | 5.319339101742475  | 56.82883016733023  |
|  808  | 62.288120770576676 | 5.433137981219169  | 56.85498276539338  |
|  809  | 61.69552014864408  | 5.3920226449232835 | 56.30349714621519  |
|  810  |  61.2165352337177  | 5.374125200418326  | 55.84240930410532  |
|  811  | 62.20171803792318  | 5.418813167474209  | 56.782905680338544 |
|  812  | 61.947286732991536 | 5.362355896876409  | 56.58493180103791  |
|  813  | 61.66346784542768  | 5.356873441353822  | 56.306594899495444 |
|  814  | 61.71026870727539  | 5.361196165329371  | 56.34907158093575  |
|  815  | 62.038849080403644 | 5.385363710354536  | 56.65348553779798  |
|  816  | 61.65873132167718  | 5.388375387925368  |  56.2703561714368  |
|  817  | 62.10290499173678  | 5.368855087084648  | 56.73405026949369  |
|  818  | 61.30339952909029  | 5.362322793129163  | 55.94107638236804  |
|  819  | 61.12784146431165  | 5.385087662232228  | 55.74275376148713  |
|  820  |  61.9538713269356  | 5.382010004092486  | 56.57186227651743  |
|  821  |  61.1931684366862  | 5.403729711679312  | 55.78943884825095  |
|  822  | 62.27726736606696  | 5.353503327491956  | 56.92376408112355  |
|  823  | 62.015965282733625 | 5.346973818754538  | 56.66899113972982  |
|  824  | 61.37427785628881  | 5.408070294795892  | 55.96620732234074  |
|  825  |  61.5552158218775  | 5.351220716818785  | 56.203995294815456 |
|  826  | 61.74972613603641  | 5.3897853675255405 |  56.3599407019982  |
|  827  | 61.71939634274214  | 5.4194805018107095 | 56.299914855957034 |
|  828  | 61.70922341371194  | 5.417669926667825  | 56.29155388856545  |
|  829  |  61.4892246852777  | 5.353077096694555  | 56.13614787957607  |
|  830  | 61.417462302965994 | 5.364571473537347  | 56.052891161013875 |
|  831  | 62.09555381579277  | 5.3451363103817675 | 56.750418032132664 |
|  832  | 61.683739612285905 | 5.428080674684964  | 56.25565885103666  |
|  833  |  61.4302211702787  |  5.3624457129454   | 56.06777519030449  |
|  834  | 62.29815460596329  | 5.312188764718862  | 56.985965889172675 |
|  835  | 61.419388768122744 | 5.381775687291072  | 56.037613012851814 |
|  836  | 61.27300157987155  |  5.35919675386869  |  55.9138039848132  |
|  837  | 61.568381895407654 | 5.412059285579583  | 56.15632276486128  |
|  838  | 61.77199592394707  | 5.365016342065273  | 56.406980582995295 |
|  839  | 62.14498408390926  | 5.365239855937468  | 56.779743488018326 |
|  840  | 61.66287318303035  | 5.3621439576760315 | 56.300729100153994 |
|  841  | 61.88111344166291  | 5.435243716117664  | 56.44586979401417  |
|  842  | 61.865453283847906 | 5.336187004187169  | 56.52926604050857  |
|  843  | 61.22112382937701  |  5.36103930399968  | 55.860084827129654 |
|  844  | 61.29177744938777  |  5.40262952364408  | 55.88914810963166  |
|  845  | 61.91959838867187  | 5.3822662730094715 | 56.53733119475536  |
|  846  | 61.85875176062951  | 5.461528575603778  | 56.397223229041465 |
|  847  | 61.75113722189879  | 5.408832173469739  | 56.34230397151067  |
|  848  | 60.99723285381611  | 5.4015091098883214 | 55.59572352482722  |
|  849  |  62.2171783212515  | 5.372585750971085  | 56.844593650622244 |
|  850  | 62.085884825877656 | 5.447338450994247  | 56.63854629907853  |
|  851  | 61.526529048039365 | 5.387139780093462  | 56.139389190673825 |
|  852  | 61.58447884584085  | 5.400514811980418  | 56.18396462073693  |
|  853  | 61.691491057567106 | 5.443988294845973  | 56.24750189756736  |
|  854  | 61.37399478227664  | 5.364563128153483  | 56.00943026420398  |
|  855  |  62.2026484758426  | 5.3631156119322165 | 56.839532423753006 |
|  856  | 62.252236778063654 | 5.368028097886306  | 56.884207881047175 |
|  857  | 62.15562842735877  | 5.403865730579083  |  56.751762499687   |
|  858  | 61.460363413492836 |  5.39000931470822  | 56.070353612655246 |
|  859  | 61.66619404328175  | 5.335995678534874  | 56.33019793388171  |
|  860  | 61.76322544195713  | 5.367987281114627  | 56.39524000901442  |
|  861  | 61.93798267462315  | 5.410989557902019  |  56.5269927743765  |
|  862  | 61.616818820268676 | 5.366857138413649  | 56.249962224715794 |
|  863  | 61.77158722315079  | 5.374322825700808  | 56.39726566803761  |
|  864  | 61.595947742951225 | 5.349638598515437  | 56.24630981836564  |
|  865  | 61.456248423258465 | 5.398435745728322  | 56.05781285995092  |
|  866  | 61.445415970239885 | 5.370761184692383  | 56.074654975304234 |
|  867  |  61.8613703918457  | 5.373628592857948  | 56.487741331442805 |
|  868  |  61.5462746488131  | 5.3730949690403085 |  56.1731814066569  |
|  869  | 61.71861359033829  | 5.410841060540615  | 56.30777209942158  |
|  870  | 61.31268440833458  | 5.3926607430286895 | 55.92002345158504  |
|  871  | 62.186066065079125 | 5.474790546221611  | 56.71127442188752  |
|  872  | 61.90586451995067  | 5.375637266697027  | 56.530227179894084 |
|  873  | 61.56806892981896  | 5.406801635546562  | 56.16126696073092  |
|  874  | 61.42610131288186  | 5.3990412042079825 | 56.02706107897636  |
|  875  | 61.98364945631761  |   5.432623876914   | 56.551026658278246 |
|  876  | 61.48547321026142  | 5.358552386944111  | 56.12692076462966  |
|  877  | 62.289418100210334 | 5.372738648439065  | 56.916678658509866 |
|  878  |  61.3442041406876  | 5.356496941982171  | 55.98770735911834  |
|  879  | 62.149723698542665 | 5.377598643180652  | 56.772125201103016 |
|  880  | 62.03966801570012  | 5.371423377501659  | 56.66824387770433  |
|  881  | 61.66113127879608  | 5.366077911670391  | 56.29505337054913  |
|  882  | 61.72287904788286  |  5.38072245817918  | 56.342157444098056 |
|  883  | 61.89695747571114  |  5.36062535065871  | 56.536331904484676 |
|  884  | 61.58111209967198  | 5.391376344729692  | 56.189735752986024 |
|  885  | 61.67366840460362  | 5.398221366588886  |  56.2754463274051  |
|  886  | 61.982857133914266 | 5.356813241029397  | 56.626044585399136 |
|  887  | 61.33082990988707  | 5.375422265957563  | 55.95540794959435  |
|  888  |  61.8735225384052  | 5.364842136578682  | 56.50868055685972  |
|  889  | 61.65488435011643  | 5.346591307322185  | 56.30829267452925  |
|  890  | 61.486177438589245 | 5.424663332425631  |  56.0615157024677  |
|  891  | 61.17725260416667  | 5.4040123259715545 | 55.77324081029647  |
|  892  | 61.790491333007814 | 5.349060101142296  | 56.44143070710011  |
|  893  | 61.13597353421725  | 5.404489038418501  | 55.73148433196239  |
|  894  | 61.19852258535532  | 5.354344019278502  | 55.844178533309545 |
|  895  | 61.90631150465745  | 5.348954113202217  | 56.557356806045924 |
|  896  | 61.31606377234826  | 5.355183018415402  | 55.96088117941832  |
|  897  |  62.1710439437475  | 5.381912700457451  | 56.789130217723354 |
|  898  | 61.508094779772634 | 5.340414585211338  | 56.16768051538712  |
|  899  | 61.694547291291066 | 5.347556089254526  | 56.34698986738156  |
|  900  | 61.15569102360652  | 5.414178224221254  |  55.7415117977827  |
|  901  | 61.978669742682044 | 5.290175537207188  | 56.68849423139523  |
|  902  | 61.93967978453025  | 5.354546922047933  | 56.58513197678786  |
|  903  | 60.98958725366837  | 5.363624272957826  | 55.62596277090219  |
|  904  | 61.29833087627704  | 5.357093906891651  | 55.941237155229615 |
|  905  | 61.46851903279622  | 5.3072484622857505 | 56.161270822378306 |
|  906  | 61.42891827314328  | 5.355986724266639  | 56.07293175330529  |
|  907  |  61.7681161342523  | 5.326042451613989  |  56.4420727343437  |
|  908  | 61.734056556897286 | 5.363808613801614  | 56.370247959234774 |
|  909  | 61.68777026836689  | 5.3221199871943545 | 56.36565120599209  |
|  910  | 61.68450186704978  | 5.3578419651129305 | 56.32665981586163  |
|  911  | 62.012670190273184 | 5.272397933862148  | 56.740272447634965 |
|  912  |  61.6545766038161  |  5.35169101470556  | 56.30288576566256  |
|  913  | 60.98886961325621  | 5.309667009695982  | 55.679202176607575 |
|  914  | 61.90868831536709  | 5.3260314227373176 | 56.582656030899436 |
|  915  | 61.80744873438126  | 5.318675773816231  | 56.48877243041992  |
|  916  | 61.57979592347756  | 5.3513158993843275 | 56.22848025590945  |
|  917  | 61.47125532101362  | 5.351550434308174  | 56.11970528627053  |
|  918  | 61.382739703838645 | 5.286050662994385  | 56.09668951181265  |
|  919  | 61.82687041453826  | 5.3042703022100985 | 56.52259962815505  |
|  920  | 61.77098339374249  | 5.292181681608542  | 56.47880125388121  |
|  921  | 61.55373396262144  | 5.341653944162222  | 56.21207859528371  |
|  922  | 62.098995854304384 | 5.336922907217955  | 56.76207299648187  |
|  923  | 60.79799759302384  | 5.261053521572015  | 55.53694376627604  |
|  924  | 61.41761100573417  | 5.274996981009459  | 56.14261403010442  |
|  925  | 61.76821557460687  | 5.328746420542399  | 56.43946821163862  |
|  926  | 61.706470102163465 |  5.36710516220484  | 56.33936530088767  |
|  927  | 61.64549010056716  |  5.32581738496438  | 56.31967147827149  |
|  928  | 61.212433393429485 | 5.311988685803535  | 55.900444230299726 |
|  929  | 61.585282123272236 | 5.310940356132312  |  56.2743416419396  |
|  930  | 61.26672745142228  | 5.288141403687306  | 55.97858604235527  |
|  931  | 61.144151470477766 | 5.339728710957062  | 55.80442325298603  |
|  932  | 61.43746857471955  | 5.331682577866775  |  56.1057864458133  |
|  933  |  62.1997116010617  | 5.246881952041234  | 56.95283146393605  |
|  934  | 62.07546407846304  | 5.336656199235183  | 56.738806747045274 |
|  935  | 61.361868532620946 | 5.333916441599528  | 56.027952286157856 |
|  936  | 61.28052640866011  | 5.322939170446151  | 55.95758834838867  |
|  937  | 61.57791771913186  | 5.335818190941444  | 56.24210001236353  |
|  938  | 61.751896225366835 | 5.292417760017591  | 56.45947782467573  |
|  939  | 62.02396711300581  |  5.31250333688198  | 56.711463161370695 |
|  940  | 61.227867059952175 | 5.336395379090921  | 55.891471549792165 |
|  941  | 61.058733547895386 | 5.331629109015831  | 55.72710430438702  |
|  942  | 61.43321834075145  |  5.29711092484303  | 56.13610684125852  |
|  943  | 61.12901322584886  | 5.2719047067104245 | 55.857108408610024 |
|  944  | 61.33971338516626  | 5.296568008325039  | 56.04314607669146  |
|  945  | 61.02325837355394  | 5.279849209907727  | 55.74340859828851  |
|  946  | 61.36481214083158  | 5.314637333796575  | 56.05017558953701  |
|  947  | 61.24529034345578  | 5.326690008212359  | 55.918599904378254 |
|  948  | 61.02656743758764  | 5.312935564090044  | 55.713631470509064 |
|  949  | 61.37908705491286  | 5.314992510477702  | 56.06409487210787  |
|  950  |  61.9281208996895  | 5.314350732656625  | 56.61376947647486  |
|  951  | 60.96401837471204  | 5.353005832280868  | 55.61101136036408  |
|  952  | 61.66275343283629  | 5.304453052129501  | 56.35830145028921  |
|  953  | 61.424022091596555 | 5.287350578308105  | 56.13666983971229  |
|  954  | 61.42521839630909  |  5.35356516471276  | 56.07165311764448  |
|  955  | 61.41139032999674  | 5.2603325902498685 | 56.151058247884116 |
|  956  | 61.27277163383288  | 5.352156704633664  | 55.92061426798502  |
|  957  | 61.73491741473858  | 5.329909643515562  | 56.40500794239533  |
|  958  | 61.84432317489233  | 5.322474381862542  | 56.521849024846006 |
|  959  | 61.62006122295673  | 5.299215929569343  | 56.320845254751355 |
|  960  | 61.31543622921674  | 5.311582933572622  | 56.00385338025215  |
|  961  | 61.416451599903596 | 5.328667336977445  | 56.087784881591794 |
|  962  | 61.89485283093575  | 5.336772011487912  | 56.55808159852639  |
|  963  | 61.06499163505359  | 5.363307554293901  | 55.70168588882837  |
|  964  | 60.82584367800982  | 5.345849933624268  | 55.47999356392102  |
|  965  | 61.858624807504505 | 5.340520130059658  | 56.51810516357422  |
|  966  | 61.47725008842273  | 5.330398375682342  | 56.14685255784255  |
|  967  | 60.91700478186974  | 5.324397507202931  | 55.59260736318735  |
|  968  | 61.34275619898087  | 5.337376478635348  | 56.00537908700796  |
|  969  | 60.750607276329625 | 5.309736847999768  | 55.440871061667416 |
|  970  | 61.12514154678736  | 5.3421122198838455 | 55.78302931956756  |
|  971  | 61.631153364915114 | 5.3099595764355785 | 56.32119400024414  |
|  972  | 61.579131802289915 | 5.336700825324425  | 56.24242965306991  |
|  973  | 61.08983830769857  |  5.35071023549789  | 55.73912704859024  |
|  974  |  61.4841091019068  | 5.3358264644329365 | 56.14828229855269  |
|  975  | 61.361847643729966 | 5.343587730114277  | 56.01826001680814  |
|  976  | 61.61320318368765  | 5.346310176360301  | 56.26689466427534  |
|  977  | 62.07832933083559  |  5.32603508191231  | 56.75229490622496  |
|  978  | 62.36742190630008  | 5.3181752865131084 | 57.049246826171874 |
|  979  | 61.12639138637445  |  5.31891474210299  | 55.80747742872972  |
|  980  | 61.531005076872994 | 5.318880498837202  | 56.21212396474985  |
|  981  | 61.333346796280296 | 5.319830689063439  | 56.01351568368765  |
|  982  | 61.248192134759364 | 5.3777758016341775 | 55.87041559855143  |
|  983  | 62.23175256582407  | 5.322101265833928  | 56.90965084369366  |
|  984  | 61.11962730994591  | 5.360907706725292  | 55.758719873672874 |
|  985  | 62.01556243113983  |  5.37935803926908  | 56.63620423145783  |
|  986  | 61.893498648619044 | 5.374526196504251  | 56.51897183149289  |
|  987  | 61.95628862429888  | 5.301104132334391  | 56.65518416967147  |
|  988  | 62.03624241755559  |  5.29884396870931  | 56.73739866207808  |
|  989  | 61.53009358332707  | 5.397543510045761  |  56.1325508978428  |
|  990  | 61.64614176432292  |  5.34441785421127  | 56.301724787002954 |
|  991  | 61.59898084982848  | 5.316577834593944  | 56.28240264501327  |
|  992  | 61.18478707337991  | 5.3896680352626705 | 55.795118228227665 |
|  993  | 61.03010693281125  | 5.359005019848163  | 55.67110109769381  |
|  994  | 61.11993884746845  | 5.403515903766339  | 55.716423116830676 |
|  995  | 60.97317042815379  | 5.353678173652062  | 55.61949198404948  |
|  996  | 61.29481102576623  | 5.3583239105420235 | 55.936487516745544 |
|  997  | 61.937341782007465 | 5.335294646727733  | 56.602047177828275 |
|  998  | 61.36498077392578  |  5.35753363095797  | 56.00744781494141  |
|  999  | 61.41066129635542  | 5.329340464763153  | 56.08132022955479  |
|  1000 | 61.37567842923678  | 5.338221665406839  | 56.03745755317884  |
+-------+--------------------+--------------------+--------------------+