+-------+--------------------+--------------------+--------------------+
| Epoch |     total_loss     |      dt_loss       |     type_loss      |
+-------+--------------------+--------------------+--------------------+
|   1   | 110.88214342950953 | 21.78548258586977  |  89.0966619672646  |
|   2   | 107.88786895701126 | 18.24240966186959  | 89.64545948937085  |
|   3   | 106.95064668476142 | 17.322306628684444 | 89.62834661040395  |
|   4   | 107.46636484578596 | 17.547632857274362 | 89.91873565753698  |
|   5   | 107.37090072250639 | 17.163250751390986 |  90.2076463992046  |
|   6   | 105.31585548322825 | 16.769241041210247 |  88.5466086228575  |
|   7   | 106.26419443679146 | 16.593694299792723 | 89.67049994276955  |
|   8   | 105.74017761833123 | 16.607226681034252 |  89.1329536283694  |
|   9   | 105.4681118500678  | 16.52633443674019  | 88.94178025007191  |
|   10  | 104.87849797846276 | 16.45917584185313  | 88.41931837046967  |
|   11  | 103.23941782103418 | 16.260924856406916 | 86.97849677932453  |
|   12  | 104.65215261034133 | 16.176726909186367 | 88.47543323343491  |
|   13  | 103.60138126965963 | 16.19491045105721  | 87.40646671256138  |
|   14  | 104.32590688832056 | 16.12963018750906  | 88.19627391262449  |
|   15  |  103.98830467186   | 16.017781413058113 | 87.97052130289597  |
|   16  | 102.15990090761586 | 16.015620791852516 | 86.14427466418611  |
|   17  | 102.54292350186356 | 15.902383884645037 | 86.64053663480233  |
|   18  | 103.14008683997224 | 15.933502197492528 | 87.20658545048215  |
|   19  | 102.25224650181279 | 15.899116698770388 | 86.35313256695076  |
|   20  | 102.52345563410691 | 15.888847243068277 | 86.63461061741323  |
|   21  | 103.39920479781055 | 15.803002543997373 | 87.59620027362861  |
|   22  | 102.89716126548373 | 15.853445739936692 | 87.04371457187273  |
|   23  | 101.30035527819484 | 15.749096074672702 | 85.55126282399023  |
|   24  | 102.79235570282701 | 15.766544004862801 | 87.02581201699017  |
|   25  | 101.01691633538067 | 15.67900807909134  |  85.337909185685   |
|   26  | 101.2869344670915  | 15.65692762292739  | 85.63000945899704  |
|   27  | 102.2965109038007  | 15.639604562355057 | 86.65690404223511  |
|   28  | 100.99554580590454 | 15.57648798388695  |  85.4190584809446  |
|   29  | 99.97623481360215  |  15.5650299139429  | 84.41120925529384  |
|   30  | 99.46525490956166  | 15.559232112994343 | 83.90602766205349  |
|   31  |  98.7986319753178  | 15.556266700486868 |  83.2423680387393  |
|   32  | 98.95605618324616  | 15.478373479877176 | 83.47767957187737  |
|   33  | 99.67984857951747  | 15.480328923828285 | 84.19951940949916  |
|   34  | 98.07816728568775  | 15.427633284161042 | 82.65053065152728  |
|   35  | 98.33474318662938  | 15.430640469781848 | 82.90410032052243  |
|   36  |  99.5843996968747  | 15.369563430370446 |  84.2148320599451  |
|   37  | 99.24208139641468  | 15.253474215567183 | 83.98860977140177  |
|   38  |  99.5485974805797  | 15.247546383405963 | 84.30105158615021  |
|   39  | 96.74830559733479  | 15.230768122957798 | 81.51754067870455  |
|   40  | 97.09429939627618  | 15.209114383976146 | 81.88519034248405  |
|   41  |  96.9823528455888  | 15.159543127495137 |  81.8228051682299  |
|   42  | 95.36031643606327  | 15.115206478835002 | 80.24511122992854  |
|   43  |  96.6908205728034  | 15.116226868376458 | 81.57459783815015  |
|   44  | 95.36043902553038  | 15.117958758406601 | 80.24248158838135  |
|   45  |  96.4436015406592  | 15.008311012090175 | 81.43529478368548  |
|   46  | 96.32168089535132  | 14.944204883407531 | 81.37747427454569  |
|   47  | 94.90999801131109  | 14.902892889648626 | 80.00710072087413  |
|   48  | 93.56920019309067  | 14.919031439751011 | 78.65017002603993  |
|   49  | 93.38078779338117  | 14.914700521278064 | 78.46608993889689  |
|   50  | 92.16884403560039  | 14.870915456922061 | 77.29792706319158  |
|   51  | 92.60273675693945  | 14.932082591214522 | 77.67065086428279  |
|   52  | 93.82586653584842  | 14.748566762056063 | 79.07729967667777  |
|   53  | 91.94555226593054  | 14.785277753281305 | 77.16027541776626  |
|   54  | 92.37322901476857  | 14.676938038793542 | 77.69629369132609  |
|   55  | 92.16814251794663  | 14.738307708732973 | 77.42983992088985  |
|   56  | 91.31645689298787  | 14.722100557839617 | 76.59435724026528  |
|   57  | 91.36318739555917  | 14.76890583387761  | 76.59428063228589  |
|   58  | 91.47037497208909  | 14.742536783728916 |  76.7278376508264  |
|   59  | 90.05534598953861  | 14.750940416813918 | 75.30440481668309  |
|   60  | 89.95379975396283  | 14.66399734087737  | 75.28980926215975  |
|   61  |  90.6926733321472  | 14.610749949678308 | 76.08192157223483  |
|   62  | 90.24333199812575  | 14.690925501937558 | 75.55239886679367  |
|   63  | 88.22984871783768  | 14.662128504758332 |  73.5677212395896  |
|   64  | 87.59910883915983  | 14.61215639057654  | 72.98695462299703  |
|   65  | 88.15319919881156  | 14.708466786927563 | 73.44472776490565  |
|   66  | 88.28936106835891  | 14.611157356260392 |  73.6782059870304  |
|   67  | 88.72742311312929  | 14.554748660179936 | 74.17267186239508  |
|   68  | 86.57268308158038  | 14.537988520905202 | 72.03468961894951  |
|   69  | 87.65419289522899  | 14.647085242914693 | 73.00710263775271  |
|   70  | 88.52042853795373  | 14.562474103760158 | 73.95795594968031  |
|   71  | 86.30525568386443  | 14.61851570602261  | 71.68673916983938  |
|   72  | 87.27580722660898  | 14.609843983583271 | 72.66596231363003  |
|   73  | 86.84846525807168  | 14.582599328581333 |  72.2658691823752  |
|   74  | 86.30065819401983  | 14.576991087817987 | 71.72367013717532  |
|   75  |  85.871605228022   | 14.513424226677818 | 71.35818674766873  |
|   76  | 84.42888126740874  | 14.529962612735694 | 69.89891567225686  |
|   77  | 84.33405077051839  | 14.44544818087643  |  69.8886030543398  |
|   78  | 83.64360719654012  | 14.490347145002511 | 69.15325902502735  |
|   79  | 83.84178011320388  | 14.496251859580962 | 69.34552612776646  |
|   80  | 84.31624111889829  | 14.519392183046525 | 69.79684732325043  |
|   81  | 84.44803468539492  | 14.533717542780373 | 69.91431425731295  |
|   82  |  84.3774364125635  | 14.621215772889723 | 69.75622428442051  |
|   83  | 82.99724375007551  | 14.544853065231145 | 68.45239114954221  |
|   84  | 81.94381443217003  | 14.411256736385065 | 67.53256009211007  |
|   85  | 82.91007819165509  | 14.437466885968103 |  68.4726008638268  |
|   86  |  81.9772270124582  | 14.541379592318266 |  67.4358484466502  |
|   87  | 81.47793611049539  | 14.465456256462568 | 67.01248465008659  |
|   88  | 81.48988345189518  | 14.433408673876613 | 67.05647433759937  |
|   89  |  82.445784518641   | 14.48031271930652  | 67.96547321770663  |
|   90  | 81.48451589783572  | 14.46169633000855  |  67.0228167553615  |
|   91  |  81.5676372345646  | 14.480744873998054 |  67.0868919929833  |
|   92  | 81.53648164446457  | 14.452526056678584 | 67.08395490117678  |
|   93  | 79.58312067235619  | 14.508786502123844 | 65.07433752023178  |
|   94  | 79.94914417144318  | 14.584303801893025 | 65.36484504080715  |
|   95  | 79.29729191745828  | 14.45021437350665  | 64.84707864329782  |
|   96  | 81.25430864202049  | 14.436830543320207 | 66.81747247376897  |
|   97  | 81.49775559477315  | 14.495861209349323 | 67.00189450681705  |
|   98  | 81.05593145435378  | 14.481364388367178 | 66.57456542910663  |
|   99  | 79.11679012707917  | 14.535555171308534 | 64.58123030879229  |
|  100  | 80.22127878577999  | 14.460472796946346 |  65.7608030792534  |
|  101  | 80.78553361368554  | 14.484247199926891 | 66.30128827254998  |
|  102  |  80.1874777072105  | 14.442062482078274 | 65.74541784336871  |
|  103  | 80.49329712400544  | 14.389627227946573 |  66.1036639035443  |
|  104  | 78.15131344955194  | 14.484370968837045 | 63.666944755646774 |
|  105  | 77.64506196578627  | 14.441753654289382 | 63.20330941424664  |
|  106  | 78.00456486115874  | 14.45254811779987  | 63.552020804246155 |
|  107  | 78.40728425764055  | 14.414008848048265 | 63.993278416287126 |
|  108  | 77.95364164052451  | 14.479803822762678 | 63.473841167761265 |
|  109  | 78.64926233502646  | 14.481636643891898 | 64.16762483457484  |
|  110  | 77.57390031762388  | 14.500236285915552 | 63.07367009705882  |
|  111  | 77.66898123945136  | 14.487895389241944 | 63.181084359001325 |
|  112  | 77.91288019797929  | 14.426767743374091 | 63.48611888753894  |
|  113  | 78.79219149567528  | 14.43514214065737  | 64.35705723060246  |
|  114  | 77.53374701569598  | 14.359928332366689 | 63.173816384118766 |
|  115  |  77.445131730727   | 14.384992735402346 | 63.06013432406767  |
|  116  |  76.1207744299784  | 14.422697273969593 | 61.69807480824099  |
|  117  | 77.36412331152042  | 14.403797073418714 | 62.96032288810227  |
|  118  | 78.06815808822846  | 14.357481512432294 | 63.71067574351508  |
|  119  | 76.84533483018315  | 14.378861601568817 | 62.46647789987132  |
|  120  |  76.9230001913829  | 14.395596859314995 | 62.52740157039115  |
|  121  | 77.82861233914775  | 14.359088899520303 |  63.4695265953977  |
|  122  |  78.1852768837427  | 14.351552197231499 | 63.83372324386041  |
|  123  | 78.08753254264415  | 14.406362879369873 | 63.68117369988292  |
|  124  |  77.0346002626385  | 14.472804116714917 | 62.561791377552005 |
|  125  | 77.91522542992972  | 14.387341248827436 | 63.52788104961068  |
|  126  | 76.74023066467822  | 14.402743902258608 | 62.337488132234476 |
|  127  | 77.00400867956807  | 14.440176825848983 | 62.563836108835545 |
|  128  | 77.53674963171244  | 14.412318707306612 | 63.12442772007828  |
|  129  | 77.67668177631677  | 14.392954390246954 | 63.28372890155655  |
|  130  | 76.40360412670265  | 14.459558962300763 | 61.94404523723783  |
|  131  | 75.67160766804868  | 14.388421163030275 | 61.28318792339056  |
|  132  |  76.8502351069717  | 14.423670296779054 | 62.426569335777764 |
|  133  | 76.08426242404514  | 14.376018734282322 | 61.70824503529903  |
|  134  | 75.64208695027989  | 14.367203609222404 | 61.274882411661814 |
|  135  | 74.78044024042478  | 14.414232339117035 | 60.36620694763344  |
|  136  | 76.07266663744879  | 14.49120977348638  | 61.58145784191537  |
|  137  | 77.04169996335567  | 14.414786668496559 | 62.62690720522996  |
|  138  | 77.14471915492608  | 14.354480664218972 | 62.790244188474354 |
|  139  | 75.69785739046434  | 14.42519548408423  | 61.27266141740362  |
|  140  | 76.36604357003995  |  14.3928794801845  |  61.9731659000895  |
|  141  | 74.90902996403587  | 14.374792509693886 | 60.534236524946316 |
|  142  | 75.54573130238887  |  14.4811205574651  | 61.06461411920185  |
|  143  | 75.81432219093935  | 14.330083201733085 | 61.48423820548247  |
|  144  | 77.40214335995006  | 14.441518722305462 | 62.960627620060784 |
|  145  | 75.56963621217128  | 14.40180932457266  | 61.16782468550267  |
|  146  |  76.9753109380344  | 14.420991154021092 | 62.554319856849254 |
|  147  | 76.89748308688665  | 14.366999739384385 | 62.53048576810602  |
|  148  | 76.18488071613189  | 14.392849239428328 | 61.792035048614366 |
|  149  | 76.28883481984361  | 14.444155675355747 | 61.844683815744865 |
|  150  | 74.97927235456527  | 14.405632197162012 | 60.573637906750015 |
|  151  | 76.28200554966841  | 14.364565832740263 | 61.91744111102166  |
|  152  | 73.80046173211878  | 14.331627986671071 | 59.46883756014497  |
|  153  | 76.79932118755507  | 14.406959628310057 | 62.392361999664196 |
|  154  | 75.08072628953359  | 14.33576630808585  |  60.744958465961   |
|  155  | 74.64953172181352  | 14.394706408409684 | 60.254825313403835 |
|  156  | 74.41618718926237  | 14.426694089674877 | 59.989494712188815 |
|  157  |  75.5890441538747  | 14.377171179920953 | 61.211872973953746 |
|  158  | 76.71077333459847  |  14.3746812542705  | 62.33609210460662  |
|  159  | 75.10034818102456  | 14.446356147123524 | 60.65399173915372  |
|  160  | 76.05087747149544  | 14.405157362651803 | 61.645720036007695 |
|  161  | 76.36562514957461  | 14.499750278236013 | 61.86587386910699  |
|  162  |  76.382694933263   | 14.495736317268134 | 61.886966540136704 |
|  163  | 75.71210797582387  |  14.3661217713339  |  61.345983097277   |
|  164  | 76.74990697693264  | 14.39764305957011  | 62.35225968652472  |
|  165  | 76.10735810792875  | 14.359035693887243 | 61.748325250785804 |
|  166  | 75.37922789714122  | 14.360563723836204 | 61.018665151257984 |
|  167  | 76.05762185989151  | 14.39420359173815  | 61.66341817103878  |
|  168  | 74.77821776312702  | 14.414507837315954 | 60.36371459706806  |
|  169  | 76.23755770639497  | 14.43242862183169  | 61.805132607916775 |
|  170  | 75.10143618750453  | 14.40177211085303  | 60.69966334148501  |
|  171  | 76.42144514724183  | 14.441546422199156 | 61.97988994434111  |
|  172  |  76.6691846064718  | 14.431944484515556 | 62.237239681537055 |
|  173  | 76.70724512173283  | 14.386850509988447 |  62.3203951735568  |
|  174  | 76.09493096056876  | 14.443154611617022 | 61.65177128583285  |
|  175  | 75.26100575830323  | 14.276966407416465 | 60.984038494327024 |
|  176  | 75.52995947784053  | 14.349742972450883 | 61.180218412738284 |
|  177  | 75.18668140027457  | 14.396650840065861 | 60.79002928750843  |
|  178  | 75.56959534780542  | 14.36931319172088  | 61.20027988115266  |
|  179  | 76.73190427966667  |  14.4182536671793  | 62.31365337639572  |
|  180  | 75.19796309469996  | 14.385960400118703 | 60.81200020114155  |
|  181  | 75.90658676978835  | 14.343472727871553 | 61.563113944802204 |
|  182  | 76.20636432329133  | 14.426244530370342 | 61.780119109715336 |
|  183  | 76.65956533769184  | 14.397390666020476 | 62.26217797311351  |
|  184  | 76.83965132879185  | 14.418894209125455 | 62.420757608642866 |
|  185  | 76.03562393388151  |  14.3681595729925  | 61.66746636535223  |
|  186  |  76.3988830508319  | 14.41550613033922  | 61.98337616104754  |
|  187  | 75.52016334433854  | 14.384622670967126 | 61.135538398439536 |
|  188  | 76.94559989201294  | 14.373865585681118 | 62.57173484386559  |
|  189  | 77.73603315441886  | 14.483169356896825 | 63.25286157114745  |
|  190  | 77.16003068174716  | 14.393121584579827 | 62.76690845911542  |
|  191  | 76.43257776623875  | 14.485366395391681 | 61.94721083331329  |
|  192  | 75.55818248697045  | 14.346517428085686 | 61.211666085395024 |
|  193  | 76.58909213574137  | 14.363390970876777 |  62.2257047367754  |
|  194  | 76.59890219202616  | 14.356955936231302 | 62.24194571826108  |
|  195  | 75.49602594042062  | 14.424273403094208 | 61.07175043574861  |
|  196  | 74.96000525079509  | 14.363704807100879 | 60.59630142164718  |
|  197  | 76.43943629604051  | 14.436999208666784 | 62.002432856535926 |
|  198  | 75.88279127456335  | 14.359200255234922 | 61.52359466407516  |
|  199  |   74.7723132961    | 14.433559733120113 | 60.338751655631256 |
|  200  | 75.64219951969993  | 14.403437044686884 | 61.23875973538333  |
|  201  | 75.07805900201609  | 14.357948551000995 | 60.72010803041134  |
|  202  | 77.20829393022434  | 14.371705402398772 | 62.83658767126584  |
|  203  | 74.55282069625328  | 14.334926896341466 | 60.21789465647154  |
|  204  | 74.51902603450742  | 14.394167052828752 | 60.12486448521674  |
|  205  |  74.7484326613338  | 14.366378630566194 | 60.38205173155707  |
|  206  | 74.67266538022332  | 14.404515710921904 | 60.26815008544196  |
|  207  | 76.51346337996634  | 14.366873317521554 | 62.14658788462749  |
|  208  | 75.30777497238243  | 14.374222949888205 | 60.93355331947314  |
|  209  | 75.56632810996993  | 14.353536052871766 | 61.21279435630869  |
|  210  | 75.11704183901148  | 14.389029039986044 | 60.728012871861374 |
|  211  | 75.43831316493903  | 14.440756946639052 | 60.99755582643809  |
|  212  | 75.01067842224397  | 14.416953946816307 | 60.593722738029555 |
|  213  | 75.08941564711962  | 14.35420219744497  | 60.735217680512456 |
|  214  |  73.8548058549081  | 14.310163168461301 | 59.54463892030682  |
|  215  | 75.61361065904725  | 14.354636874846722 | 61.25897283052621  |
|  216  | 74.38133744923466  | 14.32872403680555  | 60.052610943268064 |
|  217  | 75.33495219174154  |  14.4184031646478  | 60.91655076449184  |
|  218  | 74.30423603697729  | 14.404987295497012 | 59.89924583190003  |
|  219  | 73.45872060633715  | 14.357380713390901 | 59.101341703180296 |
|  220  | 73.10870917150301  | 14.35218381189659  | 58.75652247430482  |
|  221  | 73.87459212055157  | 14.394061361526608 | 59.48053271493088  |
|  222  | 73.46238620457636  | 14.361056606003196 | 59.10133082271615  |
|  223  | 74.13508721223877  | 14.375440260129063 | 59.75964641457593  |
|  224  | 73.85302850730982  | 14.327875091948453 | 59.52515476089757  |
|  225  | 72.96037866636426  | 14.392464412668334 | 58.567911295558396 |
|  226  | 73.50597453111698  | 14.307755593938145 | 59.19822368127177  |
|  227  | 72.42131252139062  | 14.39169594789442  | 58.029616573496206 |
|  228  | 73.74519944446246  | 14.344148286433269 | 59.40105380054431  |
|  229  | 72.25415132002067  | 14.351722292295388 | 57.902428490191504 |
|  230  | 72.71932192686027  | 14.32310212353369  | 58.39622457169817  |
|  231  | 73.60909604878758  | 14.311998454667318 | 59.29709752128432  |
|  232  | 71.92447184223009  | 14.324744710121273 | 57.59972896662151  |
|  233  | 73.92598909518279  | 14.416925772241033 | 59.50905772228908  |
|  234  | 71.80231275066092  | 14.369393175566676 | 57.432921066302335 |
|  235  | 72.85697751132585  | 14.405616609136349 | 58.451360486048955 |
|  236  | 72.05720020650881  | 14.302688122816718 | 57.75451871085502  |
|  237  | 72.27960893774838  | 14.340948414581321 | 57.93866054744571  |
|  238  | 72.43037741472969  | 14.335295099262508 | 58.09508180221206  |
|  239  | 70.58898175366856  | 14.311985445623877 | 56.27699606525822  |
|  240  |  71.9776934765079  | 14.308416812668918 | 57.66927805793249  |
|  241  |  71.8573496998023  | 14.316175910991458 | 57.541178678575655 |
|  242  | 70.80673118662102  | 14.276637989482566 | 56.53009104359981  |
|  243  | 72.01699773918695  | 14.378830008469336 | 57.63816719318383  |
|  244  | 72.72326259898935  | 14.320038086398567 | 58.40322874342859  |
|  245  | 72.44415841566617  | 14.341661693991407 | 58.10249674595341  |
|  246  | 69.79298291602306  | 14.332054636916915 | 55.46093101873586  |
|  247  | 70.55138913648571  | 14.287307927133694 | 56.264084926934686 |
|  248  |  71.0396844708236  | 14.321067511453931 | 56.71861965044209  |
|  249  |  70.1980795087685  | 14.29257040048763  | 55.905509475864115 |
|  250  | 71.44530237103938  | 14.305200220771043 | 57.14010481706211  |
|  251  | 70.44029910922363  | 14.282616779346453 | 56.15768599890256  |
|  252  | 69.89526200549761  | 14.255675864962774 | 55.63958704565186  |
|  253  | 69.57970132040404  | 14.303563802094224 | 55.276138960960616 |
|  254  | 70.81666955396501  | 14.338434010155565 | 56.47823378213269  |
|  255  | 69.40492074273469  | 14.295269061689176 |  55.1096521214647  |
|  256  | 69.66417318521555  | 14.310088565172027 |  55.3540836663692  |
|  257  |  69.5682221620729  | 14.200960612200625 | 55.367264386616576 |
|  258  | 70.38022179504874  | 14.262195799993442 | 56.11803161998661  |
|  259  | 69.36474368494521  | 14.338603914620732 | 55.02614057832691  |
|  260  | 67.12210823801509  | 14.344085388855227 | 52.77802243301932  |
|  261  | 67.65210025741065  | 14.241164871604278 | 53.41093761218096  |
|  262  |  68.3126553179904  | 14.260338167675672 | 54.05231700464285  |
|  263  | 68.44916819051252  | 14.193726940322938 | 54.255441787723356 |
|  264  |  68.3510406352553  | 14.304355610446535 | 54.04668492769418  |
|  265  | 68.25145653364575  | 14.227535341059966 | 54.023925669613604 |
|  266  | 69.05492276053981  | 14.407003369128281 | 54.64791721359423  |
|  267  | 66.67745853145435  |  14.2204667446927  | 52.45698980657708  |
|  268  | 67.95529307134657  | 14.201323451355982 | 53.75397059794355  |
|  269  |  67.1659166606982  | 14.182929510506398 | 52.982983089304525 |
|  270  | 67.25260961415964  | 14.274082035216269 | 52.97852672238365  |
|  271  | 66.56129698080589  | 14.25079840737923  | 52.31050106686636  |
|  272  | 66.61994334149865  | 14.28130118483281  | 52.33864132438476  |
|  273  | 67.65196459287125  | 14.161523895436119 | 53.49044182446353  |
|  274  | 67.08909525248427  | 14.193211599273281 | 52.89588514441908  |
|  275  |  67.7776904980852  | 14.185629820159978 | 53.59206437122927  |
|  276  | 66.38837412349275  | 14.216545426502359 | 52.17182671680582  |
|  277  | 66.61202625362696  | 14.155010429189911 | 52.45701724280921  |
|  278  | 66.76479153538953  | 14.168485955059769 | 52.596309200797855 |
|  279  | 66.14959903765144  | 14.236652752288375 | 51.91294623680577  |
|  280  |  65.7620644815587  | 14.232145318751275 | 51.52992234285633  |
|  281  |  65.1987830050185  | 14.212148489170406 | 50.98663515049646  |
|  282  |  65.3989484044106  | 14.145653074592628 | 51.25329770186445  |
|  283  | 66.77738328562049  | 14.119250378777746 | 52.658132931121386 |
|  284  | 65.65251241171613  | 14.13653198843935  |  51.5159841651381  |
|  285  |  65.3765427051429  | 14.137094968504886 | 51.23944771235936  |
|  286  |  65.7205876947839  | 14.125984167162079 | 51.59460364901506  |
|  287  | 64.99932674541378  | 14.08335360169212  | 50.91597700697622  |
|  288  | 65.35491113982653  | 14.262741760500777 | 51.09216937932575  |
|  289  | 65.06550536699135  | 14.17460218066974  | 50.89089902831973  |
|  290  | 64.61241636745935  | 14.115724120910413 |  50.4966885532449  |
|  291  | 64.43300260715816  | 14.069342456430077 | 50.36366345217022  |
|  292  | 65.00642600412344  | 14.196412712512855 | 50.81001510184463  |
|  293  |  64.4139358489649  | 14.035421524846551 | 50.37851055797837  |
|  294  |  64.821491011829   | 14.078809774236795 | 50.742681678011394 |
|  295  | 64.30541169436353  | 14.171802006816115 | 50.133610738336316 |
|  296  | 65.88356196140069  | 14.102774934090236 | 51.780789229406395 |
|  297  | 63.72724043968431  | 14.051964774802274 | 49.67527434362447  |
|  298  | 64.59588328798753  | 14.075457976597875 | 50.52042494380641  |
|  299  | 64.25847037689987  | 14.07000119510844  | 50.188467225885496 |
|  300  |  64.8833361863239  | 13.974823554640523 | 50.90851539559175  |
|  301  | 63.83707227033007  | 14.015609014893668 | 49.82146467380855  |
|  302  | 63.69546920845346  | 14.043049648038949 | 49.652415964225064 |
|  303  | 64.17885033777434  | 14.00236580367886  |  50.1764882759568  |
|  304  | 64.07612013652329  | 14.054688740706915 | 50.021433816420135 |
|  305  | 64.45495280724833  | 14.04636337630612  | 50.40858762070817  |
|  306  |  63.6683830281198  | 14.095242368020587 | 49.573142616005136 |
|  307  | 64.34615268022027  | 13.928634835968635 | 50.417518308949475 |
|  308  | 62.81564541983939  | 13.994825287373498 | 48.820818273674554 |
|  309  | 63.62200087284775  | 14.022052873352326 | 49.59994582167813  |
|  310  | 63.634237661096215 | 14.055217683017467 | 49.57901811928741  |
|  311  | 64.35986130809943  | 13.918626547256823 | 50.441234736563956 |
|  312  | 63.96211033380233  | 13.849487274282465 | 50.112623205191746 |
|  313  | 62.23647501580408  | 13.87184579945904  | 48.36463112369368  |
|  314  | 63.305730923623834 | 14.060054610463627 | 49.245676753579396 |
|  315  | 63.06967640399593  | 13.862586626347376 |  49.2070898019272  |
|  316  | 62.439284519555876 | 13.947437793505694 | 48.491848706234755 |
|  317  | 63.01702452738343  | 13.983780252573293 | 49.033244690950674 |
|  318  | 63.78862316087119  | 13.98961026289053  | 49.799013289842556 |
|  319  | 61.96109997361097  | 13.960986864388117 | 48.00011308494421  |
|  320  | 62.66791850182376  | 13.920260645394208 | 48.747659788056836 |
|  321  | 61.94035719100731  | 13.887147266071182 | 48.053208874147224 |
|  322  | 63.37174596974829  | 13.964126003772737 | 49.40761527043991  |
|  323  | 62.01391007439057  | 13.931070314825304 | 48.08284029709904  |
|  324  | 62.904655070807465 | 13.859764271567556 | 49.044886152261554 |
|  325  | 61.59864712555636  | 13.904663853097354 |  47.6939800924101  |
|  326  | 62.31449648711672  | 13.916244011279263 | 48.39825340523313  |
|  327  | 62.990291019124754 | 13.894845908748346 | 49.09544601549343  |
|  328  | 62.73516682514315  | 13.797087019294777 | 48.93807645584894  |
|  329  | 62.63094249147192  | 13.890789132954364 | 48.74015333423891  |
|  330  | 62.83885439015728  |  13.8017284943324  | 49.037125944382176 |
|  331  | 61.43290706274199  | 13.773575444690051 | 47.65933029679437  |
|  332  |  62.7291145606067  | 13.746187576304836 | 48.98292688718728  |
|  333  | 61.52693332015915  | 13.899916040083355 | 47.62701444333149  |
|  334  | 61.66911064962986  | 13.773075427777592 | 47.89603624836252  |
|  335  | 62.24410288645318  | 13.780226268627631 | 48.46387747438528  |
|  336  | 61.97318725259197  | 13.793983241418642 | 48.179205429545476 |
|  337  |  62.5089988073167  | 13.675298653810671 | 48.833701107180346 |
|  338  | 61.863338626568414 | 13.797369747311622 |  48.0659684873949  |
|  339  | 62.56183523159495  | 13.716439650338405 | 48.845397072464635 |
|  340  | 62.47508878342572  | 13.800746725310661 | 48.67434577569773  |
|  341  | 61.671524368238934 | 13.660800985118023 | 48.010723799261456 |
|  342  | 61.56050423171275  | 13.744905207005678 |  47.8156012753603  |
|  343  | 61.66436424409665  | 13.694811292526241 | 47.969552583987166 |
|  344  | 62.32255832110307  | 13.708282204545625 | 48.61427650841934  |
|  345  | 61.64611396453734  | 13.70869157724428  | 47.93742331668873  |
|  346  | 61.48994624600534  | 13.778722659593646 | 47.711223440739815 |
|  347  | 60.54354697569421  | 13.623480884171713 | 46.92006660477763  |
|  348  | 61.696149172114666 | 13.719511500659682 | 47.97663732815038  |
|  349  | 60.94294709362871  | 13.587263032421735 | 47.355683596509145 |
|  350  | 61.84297880852986  | 13.692355604305625 | 48.15062689752826  |
|  351  | 60.392662582016264 | 13.52908652593997  | 46.86357231421497  |
|  352  | 61.37484656258365  | 13.579126693395215 | 47.79571764281384  |
|  353  | 60.819497847483326 | 13.533901448536849 | 47.28559446731919  |
|  354  | 62.008094253013624 | 13.462048119429943 | 48.54604755195583  |
|  355  | 60.50803245455487  | 13.480158984646922 | 47.027871683952554 |
|  356  | 61.86804179342026  | 13.477718314924838 | 48.39032592337783  |
|  357  |  61.1400767445933  | 13.529143453920678 | 47.61093179946453  |
|  358  | 61.36485114813475  | 13.523350500079129 | 47.84150015907914  |
|  359  | 61.722240064077766 | 13.534032567296741 |  48.1882094284083  |
|  360  | 61.44370928430115  | 13.483488003242705 |  47.9602212082225  |
|  361  | 60.07740441612082  | 13.507050278922533 |  46.5703533534745  |
|  362  | 60.63693794760567  | 13.428369016327405 | 47.20857215988446  |
|  363  |  59.8093578711652  | 13.451326209591764 | 46.35803496301557  |
|  364  | 61.81511690410693  |  13.458467601964   | 48.356650425767775 |
|  365  | 59.70868177593194  | 13.380153132993891 | 46.32852959661236  |
|  366  | 61.44017238194903  | 13.43420356992821  | 48.00596925244001  |
|  367  | 60.36455047683661  | 13.417148725549124 |  46.9473998682175  |
|  368  |  59.7189669167743  | 13.459817897016991 | 46.25914454272949  |
|  369  | 60.62888064714605  | 13.445847174340193 | 47.18303342424856  |
|  370  | 60.902247084681825 | 13.420426898532444 | 47.48181827880075  |
|  371  | 61.43221023381678  | 13.420254011877995 | 48.01195218533015  |
|  372  | 60.77962684222922  |  13.3909436057302  | 47.38868091300984  |
|  373  | 60.802002795389825 | 13.36459272735436  | 47.43740818496548  |
|  374  | 61.137719352444435 | 13.355661703750062 | 47.78205989934761  |
|  375  | 61.04233651407384  | 13.411737721561392 | 47.63059920865299  |
|  376  | 61.029024312475194 | 13.552952300132299 | 47.47607015355156  |
|  377  | 61.03285587409721  | 13.391362055466058 | 47.64149332965467  |
|  378  | 60.70825356504562  | 13.454229548860669 | 47.254025018416556 |
|  379  | 60.245443147618005 | 13.37723943718042  | 46.868204518440024 |
|  380  | 60.78066827999589  | 13.35655946774679  | 47.42411250555314  |
|  381  | 60.931227635690604 | 13.319249371191221 | 47.611979096780466 |
|  382  | 60.54978127743895  | 13.434458038054164 | 47.11532380119721  |
|  383  | 59.46765914361533  | 13.323665373840985 | 46.14399144628517  |
|  384  | 60.17040069983058  | 13.350884664691177 | 46.819516132253995 |
|  385  | 60.36415947172831  | 13.268273738631457 | 47.09588712719035  |
|  386  | 59.937243170945834 | 13.434700934568701 | 46.50254184451524  |
|  387  | 60.61928843521601  | 13.285073607755848 | 47.33421617299637  |
|  388  | 60.596530113792014 | 13.339293661442026 | 47.25723642807134  |
|  389  | 61.551847652568725 | 13.405152836159074 | 48.14669337375885  |
|  390  | 62.00496109684053  | 13.344171837174322 | 48.66078725520299  |
|  391  | 60.27918432645505  | 13.453852504427989 | 46.82533182202706  |
|  392  | 60.279521296825855 | 13.332643643010947 | 46.94687865604652  |
|  393  | 60.64621250679911  | 13.312485981917852 | 47.333725130787755 |
|  394  | 60.44382600605048  | 13.391365029940626 | 47.052460192386064 |
|  395  | 60.40281631411639  | 13.298786268386278 | 47.10403043759201  |
|  396  | 60.238284367650515 | 13.353246329201138 | 46.885038014170725 |
|  397  | 59.637442197398066 |  13.4713234010833  | 46.16611974998908  |
|  398  | 60.574545415333276 | 13.347366675858607 | 47.22717866663873  |
|  399  |  61.0007516333185  | 13.294539991855736 | 47.70621345169681  |
|  400  | 59.904156295736435 | 13.310279776532111 | 46.593876494925674 |
|  401  | 59.75186663039264  | 13.307867178371229 | 46.44400040569573  |
|  402  | 61.52851518426315  | 13.27668648437747  | 48.25182921314081  |
|  403  | 60.378271993727395 | 13.267138274885092 | 47.11112990414504  |
|  404  | 60.938041919360636 | 13.430889389896688 | 47.507155341929604 |
|  405  | 60.07898137911484  | 13.25201701981778  | 46.826965777669216 |
|  406  | 61.13720454166766  | 13.324383131867217 | 47.81282172882639  |
|  407  | 59.503587853928394 | 13.29713044698653  | 46.20645542675729  |
|  408  | 60.30519186324402  | 13.28710000457691  | 47.01809178583117  |
|  409  | 60.88175492578253  | 13.347970455395673 | 47.533780777082825 |
|  410  | 61.30788433974396  | 13.313654070265827 | 47.99423171212893  |
|  411  | 61.09536272748266  | 13.317805422279854 | 47.777558723574955 |
|  412  | 61.097822061811435 | 13.256504344962876 | 47.84131788679908  |
|  413  | 60.51567111309159  | 13.316597151410258 | 47.199074842519714 |
|  414  | 60.98481002978249  | 13.278640827847866 |  47.7061729195173  |
|  415  | 61.23330199817745  | 13.297013910617142 | 47.936289433096526 |
|  416  | 60.37598601710419  | 13.361989315367868 | 47.01399821722306  |
|  417  | 59.714223917512534 | 13.373216005498218 | 46.34100507527001  |
|  418  | 60.76876257080252  | 13.26908521541039  | 47.49967745250672  |
|  419  | 58.96704960527404  | 13.30598243565438  | 45.66106792906481  |
|  420  | 60.59539773411448  | 13.337629754799138 | 47.257767001362375 |
|  421  | 60.58657735715217  | 13.304369237801303 | 47.28220900018925  |
|  422  | 60.27973132391019  | 13.282907822232515 | 46.996821448657165 |
|  423  |  59.5432675071424  | 13.348621118133929 | 46.19464766170875  |
|  424  | 60.381080583875985 | 13.328349521663284 |  47.0527324563062  |
|  425  | 60.806181213102995 | 13.285997256420352 | 47.520182049334004 |
|  426  | 59.79919174833295  | 13.334219236643916 |  46.4649720955485  |
|  427  | 60.59952024922268  | 13.296097136666994 | 47.30342162134759  |
|  428  | 59.77738462344198  | 13.238743490699697 | 46.53864264822902  |
|  429  | 60.429981950518915 | 13.276681751402792 | 47.153299293999105 |
|  430  | 60.032566841120044 | 13.242363384726954 | 46.79020538802037  |
|  431  | 59.94470801434005  | 13.301662123319565 | 46.64304593957778  |
|  432  | 60.64271350001086  | 13.217369194402883 | 47.42534574825878  |
|  433  | 59.870396422795274 | 13.209507779736988 | 46.66088810552451  |
|  434  | 60.03027060665518  | 13.315775235493978 | 46.71449725423119  |
|  435  | 60.20397810898535  | 13.278153709703872 | 46.92582677132795  |
|  436  | 59.85461914258544  | 13.270250705716272 | 46.584366578077834 |
|  437  | 59.359678814361814 | 13.289774724310023 | 46.06990533847341  |
|  438  | 59.44282699102111  | 13.31748437892815  | 46.125341779811876 |
|  439  | 59.28231133808841  | 13.247038447343535 | 46.035270640091646 |
|  440  | 61.16606471415449  | 13.276246947389032 | 47.889818280020584 |
|  441  | 58.88155789299292  | 13.289937051114599 | 45.59162133085481  |
|  442  | 60.74241573198506  | 13.305646094259352 | 47.43676770609843  |
|  443  | 59.92612140246184  | 13.27046754806631  | 46.65565561607228  |
|  444  | 59.81859040697103  | 13.224438581981746 | 46.59415287577819  |
|  445  | 60.37606336388053  | 13.349321661692077 |  47.0267385464182  |
|  446  | 59.811380619155265 | 13.22277748893903  | 46.58860183323731  |
|  447  |  60.7170153955264  | 13.283299880852564 | 47.43371627411898  |
|  448  | 59.85466489989276  | 13.357120915307847 | 46.49754498681652  |
|  449  | 61.21643826895148  | 13.24721325291868  | 47.969222373517674 |
|  450  | 60.03821807596305  | 13.222546921665828 | 46.81567161899506  |
|  451  | 60.66755108648387  | 13.354425379471525 | 47.31312472905938  |
|  452  | 60.65532278532418  | 13.244021412533804 |  47.4113044557247  |
|  453  | 60.91530715593859  | 13.23274088620629  | 47.682567688104456 |
|  454  | 60.504335119813334 | 13.29267929089855  | 47.211653089285065 |
|  455  |  59.8674985906949  | 13.352423118348069 | 46.51507642602115  |
|  456  | 60.17290139771234  | 13.28601641386088  | 46.88688488673687  |
|  457  |  60.2188795926087  | 13.26322690912465  | 46.95565031143759  |
|  458  | 59.51226969829435  | 13.240907069135217 | 46.271362115904004 |
|  459  | 60.56875004792197  | 13.236030071030735 | 47.33272036875312  |
|  460  | 60.86726038585865  | 13.258089459001976 | 47.60917139155451  |
|  461  | 59.34199515394219  | 13.216902688602989 | 46.12509009329274  |
|  462  | 60.39450669543901  | 13.400495802139401 | 46.99400984251071  |
|  463  | 59.33287253460372  | 13.340157360001573 | 45.99271928404673  |
|  464  | 59.80191812236168  | 13.194538532141813 | 46.607378660824196 |
|  465  | 59.051766873200165 | 13.306495639956227 | 45.74527023101233  |
|  466  | 59.51645516271453  | 13.226731821323842 | 46.28972392748175  |
|  467  | 60.185541162484036 | 13.300802345874903 | 46.88473925702832  |
|  468  | 61.238153040593446 | 13.23020183078567  | 48.00795086650317  |
|  469  | 60.367239040617086 | 13.24842907717022  | 47.11880949874903  |
|  470  | 60.22069329101359  | 13.26370212188256  | 46.95698943173293  |
|  471  | 60.97588282132926  | 13.270893268462677 | 47.704990114679006 |
|  472  | 59.69962448929708  | 13.297164285293569 | 46.40246020400351  |
|  473  | 59.53074624304144  | 13.182309886769911 | 46.348434618873426 |
|  474  | 59.933640121761286 | 13.288911875503109 | 46.644728221979534 |
|  475  | 59.43142433357102  | 13.334403409465505 | 46.09702403131848  |
|  476  | 60.65590806770915  | 13.209073871537218 | 47.44683414761464  |
|  477  | 59.62474694298529  | 13.226452426288686 | 46.39829444386067  |
|  478  | 60.34967935558957  | 13.334138778570349 | 47.015539696180845 |
|  479  | 59.526188473062746 | 13.286090008111445 | 46.24009748699834  |
|  480  | 59.564686606618416 | 13.313830951324906 |  46.2508557038508  |
|  481  | 60.53485263622065  | 13.272360840724135 |  47.2624937271238  |
|  482  | 60.36988897275959  | 13.20368109536744  | 47.166206483298645 |
|  483  | 60.492902592820776 | 13.351295928401434 | 47.14160632111474  |
|  484  | 59.26897683643937  | 13.218887609327064 | 46.050088786693124 |
|  485  | 59.767729092801495 | 13.250848516917586 | 46.51687866853528  |
|  486  | 59.826069970032215 | 13.191332673447887 | 46.63473487598057  |
|  487  | 60.682796016296486 | 13.186422394083818 | 47.49637183625727  |
|  488  | 60.37747360745016  | 13.303978411038944 | 47.07349426701555  |
|  489  | 60.96138010290501  | 13.281553361462946 | 47.67982730325449  |
|  490  | 60.36302012430609  | 13.309985604877276 | 47.05303456798611  |
|  491  | 59.89893858585362  | 13.270993904814446 | 46.627942062802695 |
|  492  | 60.54498397387864  | 13.24547638122791  | 47.299510991207455 |
|  493  | 59.36427260659123  | 13.202994479357047 | 46.161278737603894 |
|  494  | 60.07234331939211  |  13.3049677034914  | 46.76737378138802  |
|  495  | 60.20815552741665  | 13.267662953910673 | 46.94049306248246  |
|  496  | 60.35022968761472  | 13.204679576720393 | 47.145552996195924 |
|  497  |  60.9927847964577  | 13.278691596086327 |  47.7140908768822  |
|  498  | 61.354565938313804 | 13.303167589556567 | 48.051398251642645 |
|  499  | 61.09129741831164  | 13.249263306671512 | 47.842032644710685 |
|  500  | 60.87168825554785  | 13.230059911885377 | 47.64162939445138  |
+-------+--------------------+--------------------+--------------------+