+-------+--------------------+--------------------+--------------------+
| Epoch |     total_loss     |      dt_loss       |     type_loss      |
+-------+--------------------+--------------------+--------------------+
|   1   | 97.70365514510718  | 17.868056902763172 |  79.835598050631   |
|   2   | 96.53562905336038  | 16.333918530390815 | 80.20171072152945  |
|   3   | 96.04609494722807  | 15.943174673227164 | 80.10291952279898  |
|   4   | 94.66739127917168  |  15.7146774604993  | 78.95271338829627  |
|   5   | 92.73803563044622  | 15.449691210037622 | 77.28834433531149  |
|   6   | 92.33569473657853  | 15.181672437618941 | 77.15402217767178  |
|   7   |  90.2383474966196  | 14.941954018030412 | 75.29639232928936  |
|   8   | 89.41755551069211  | 14.651711156796186 | 74.76584521171374  |
|   9   | 87.94351716652895  | 14.297618672297551 | 73.64589658297025  |
|   10  | 86.56406479273087  | 14.071962684240097 | 72.49210158128005  |
|   11  |  84.241088280311   | 13.767505455995217 | 70.47358355399889  |
|   12  | 83.18721761067708  | 13.413329978355994 | 69.77388928535657  |
|   13  | 81.17581567226313  | 12.884237633729592 | 68.29157489483173  |
|   14  | 79.24109223977113  | 12.310095108227852 | 66.93099865253156  |
|   15  | 77.61958081367688  | 11.913400138463729 | 65.70617768898988  |
|   16  | 76.25917420998597  | 11.658877978202625 | 64.60029516758063  |
|   17  | 74.73496028802333  | 11.473394057445038 |  63.2615651957194  |
|   18  | 74.36061040633764  | 11.337970914596166 | 63.02263728215144  |
|   19  | 73.68270463209886  | 11.200902091784355 | 62.48180304111578  |
|   20  | 73.67300368088942  | 11.038645841158353 |  62.6343577732184  |
|   21  | 72.40087328788562  | 10.858802182124212 | 61.54207283998147  |
|   22  |  72.089974216559   | 10.614604385571601 | 61.47536902794471  |
|   23  | 71.26939758300782  | 10.46371030269525  | 60.80568666898287  |
|   24  | 70.58178582607171  | 10.145182421757625 | 60.43660333486704  |
|   25  |  70.1766384809445  | 9.922754100897373  | 60.253885466746794 |
|   26  | 69.39086235633263  | 9.674455066583095  | 59.71640752939078  |
|   27  | 69.01948286007612  |  9.51519814906976  | 59.50428470709385  |
|   28  | 69.40449603740986  | 9.410473055717272  | 59.99402314797426  |
|   29  |  69.1192665999975  |  9.22634575183575  | 59.89291989448743  |
|   30  | 68.93610216189653  | 9.193714269980406  | 59.74238965548002  |
|   31  | 67.79324043469552  | 9.151600911067082  | 58.64163886045798  |
|   32  | 69.05754620674328  |  9.05809570703751  | 59.99945043319311  |
|   33  | 68.11056278326572  | 9.007340893867688  | 59.103221196883766 |
|   34  |  68.4072121879382  |  8.95436029287485  | 59.452851269061746 |
|   35  | 68.47889029478415  | 8.849734049087916  | 59.629155895526594 |
|   36  | 67.46708642421625  | 8.857736302889311  | 58.60935039813702  |
|   37  | 67.46276018191607  | 8.770898821904108  | 58.69186209262946  |
|   38  | 67.67037784674228  | 8.745775371453702  | 58.92460300934621  |
|   39  | 67.67770943274864  | 8.689284837184807  | 58.98842370057717  |
|   40  | 67.55876707419371  | 8.637538165557078  | 58.92122899373373  |
|   41  | 67.16698565360828  | 8.666258464715419  | 58.50072746863732  |
|   42  | 67.43331565661308  | 8.532970193716196  |  58.9003455880972  |
|   43  | 67.18636349409054  | 8.583394168951573  | 58.60297182914538  |
|   44  | 67.22838375776242  | 8.517526030907264  | 58.71085764958308  |
|   45  | 67.09101861415765  | 8.537881841415015  | 58.55313633062901  |
|   46  | 67.05757887620193  | 8.497106818174705  | 58.56047103099334  |
|   47  | 67.15846969213241  | 8.435044051928397  | 58.723426443246694 |
|   48  |  66.9903716415014  | 8.401077274420322  | 58.58929492657001  |
|   49  | 67.83245944683368  | 8.419652043856107  |  59.412807421562   |
|   50  | 67.29531159229768  | 8.383002554086538  | 58.912309108636315 |
|   51  | 68.29768036671175  | 8.389419858883588  | 59.908258792192505 |
|   52  | 67.11239667061048  | 8.421987809401292  | 58.690408602983524 |
|   53  | 66.75529056646884  | 8.357253597944212  | 58.398037528013575 |
|   54  | 66.80230224609375  | 8.371459892468575  | 58.43084263336964  |
|   55  |  67.5556983595628  | 8.345376577132788  | 59.210324194492436 |
|   56  | 67.35293399126101  | 8.371172657502003  | 58.98176189324795  |
|   57  | 67.22742705516326  | 8.354300811963205  | 58.873126975817556 |
|   58  | 66.65915816869492  | 8.359809373708872  | 58.29934799585587  |
|   59  | 67.22778573843149  | 8.315806205945137  | 58.911978697165466 |
|   60  | 66.87132744422325  |  8.33257491967617  | 58.53875354082157  |
|   61  | 67.06582014817458  | 8.281904617700821  | 58.78391459147135  |
|   62  |  66.705512890938   | 8.331054580884102  | 58.37445782001202  |
|   63  | 67.57481951591296  | 8.326851341051933  | 59.247967674059744 |
|   64  | 66.66256055000501  | 8.295280212011093  | 58.36728006216196  |
|   65  | 67.27350366054436  | 8.304431886917506  | 58.96907278990134  |
|   66  | 66.98368151542468  |  8.35424821120042  | 58.62943424322666  |
|   67  |  67.0797682385567  |  8.31629218174861  | 58.76347697722606  |
|   68  | 66.68510252341245  | 8.311444494785407  | 58.37365777822641  |
|   69  | 66.84472016945864  | 8.322802031101325  | 58.52191712208283  |
|   70  | 67.51746766701723  | 8.300924313863119  | 59.21654380993965  |
|   71  | 67.04188863118489  |  8.29483769147824  | 58.74705247927935  |
|   72  | 66.64007033128004  | 8.329256725800343  | 58.31081496409881  |
|   73  | 66.38689154209234  | 8.324597682463818  | 58.06229264479417  |
|   74  | 67.01737240522336  | 8.271603394532814  | 58.745770435822315 |
|   75  | 67.15680970803285  | 8.281422760792267  | 58.87538776886769  |
|   76  | 67.03354674510467  | 8.303398159711788  | 58.73014751727764  |
|   77  |  67.4469133191231  | 8.255644137064616  |  59.1912706619654  |
|   78  | 66.34351876283303  |  8.27453268393492  | 58.06898391723633  |
|   79  | 67.08574780586439  |  8.24577085348276  | 58.83997778085562  |
|   80  |  66.7919322243715  | 8.174274464142629  |  58.6176586327186  |
|   81  | 66.46888584626026  | 8.226457599248642  | 58.24242640959911  |
|   82  |  66.0824026176257  | 8.175811359698956  | 57.906593338403944 |
|   83  | 67.10538583608773  | 8.157508584536039  | 58.947877240303235 |
|   84  | 67.20666223770533  | 8.165630390949739  |  59.0410306646885  |
|   85  |  66.2635269947541  | 8.122117936550042  | 58.14140829624274  |
|   86  | 66.09379533816606  | 8.085523319733449  | 58.008272763765774 |
|   87  | 66.81532757881361  | 7.984195155608348  | 58.83113382584009  |
|   88  | 66.95160568237304  | 8.000861204098433  | 58.950745634421324 |
|   89  | 66.86622164995242  |  8.01197154705341  | 58.85424982315455  |
|   90  | 66.50447336832683  | 7.906702405489408  | 58.59777056180514  |
|   91  | 66.04262202336238  | 7.919321191249749  | 58.12330089471279  |
|   92  | 66.01285629663712  | 7.799788851126646  | 58.21306895329402  |
|   93  | 66.11667802077073  | 7.831042456015562  | 58.28563486343775  |
|   94  | 66.17064727000701  | 7.765507636437049  |  58.4051407016852  |
|   95  | 65.81341735057342  | 7.712218994727501  |  58.1011989065317  |
|   96  | 66.10465464274088  | 7.650043123196333  | 58.454612086369444 |
|   97  | 65.98162440373348  | 7.617619012196859  | 58.364004340538614 |
|   98  | 66.25918610401642  | 7.529900831075815  | 58.72928425324269  |
|   99  | 65.90928899520483  | 7.492241321954972  | 58.417049274933646 |
|  100  | 66.04608806903546  | 7.488748500041472  | 58.55734015440329  |
|  101  | 65.56775288117238  | 7.421436004149608  | 58.14631592188126  |
|  102  | 65.56011262551333  | 7.357758833567302  | 58.20235314393655  |
|  103  | 65.72110553448017  | 7.281723035665658  | 58.43938022711338  |
|  104  |  64.920327344063   | 7.294155938564202  | 57.62617055648413  |
|  105  |  65.5024661724384  | 7.226350136292287  | 58.276116825984076 |
|  106  | 65.30061757405599  | 7.218469417278583  | 58.08214698987129  |
|  107  | 66.15302444066756  | 7.1470605082389635 | 59.00596433199369  |
|  108  | 65.40289647028996  | 7.090010911012307  | 58.312887358054134 |
|  109  | 65.84413344945663  |  7.13029458901821  |  58.7138391387157  |
|  110  | 64.87920492710211  |  7.11143487294515  | 57.76776950151493  |
|  111  |  64.8274880824945  | 7.089992052224966  | 57.73749502719977  |
|  112  | 65.05607780260918  | 7.102486491570106  | 57.95359081561749  |
|  113  | 65.44389839367989  | 7.081105839655949  | 58.362791771521934 |
|  114  | 65.32639821370442  | 7.112343325981727  | 58.21405575874524  |
|  115  | 65.02956245226738  | 7.054854715787448  | 57.97470831455328  |
|  116  |  65.1667473426232  | 7.008939959697234  | 58.157805727445165 |
|  117  | 65.19733612843049  | 7.017981564937494  | 58.17935438498473  |
|  118  | 65.26144294151894  | 7.005440475757306  | 58.25600052271134  |
|  119  | 65.31014853453024  | 7.046257641621125  |  58.2638909755609  |
|  120  | 64.76615468343098  | 6.940681394919371  |  57.8254744153145  |
|  121  | 65.40074284871419  | 6.958590940328745  | 58.442153101211936 |
|  122  | 64.86800440861629  | 6.950085347004426  | 57.91791809864533  |
|  123  |  64.1343830871582  | 6.965147748604799  | 57.16923511211689  |
|  124  | 64.77557017008463  | 6.915976741497333  | 57.859593286758816 |
|  125  | 65.36579532721103  |  6.9555852831327   | 58.410210461738785 |
|  126  | 64.55408199994991  | 6.8399365762563855 |  57.714146677653   |
|  127  | 65.02183337089343  | 6.816381662808932  | 58.20545291215946  |
|  128  | 64.89558463854668  | 6.870894178243784  | 58.02469128730969  |
|  129  |  64.9594963269356  | 6.833216274946164  | 58.126280361077725 |
|  130  | 65.28953717354017  | 6.792580693562826  | 58.49695629413311  |
|  131  |  64.7337455475636  | 6.773110310970209  | 57.96063591981545  |
|  132  | 64.53271763336964  | 6.725138815855368  | 57.807579783904245 |
|  133  | 64.45191754463391  | 6.819005817511143  | 57.63291219858023  |
|  134  | 64.54244333902994  | 6.777926769256592  | 57.76451542780949  |
|  135  | 64.92692428980118  | 6.772558273902306  | 58.15436559823843  |
|  136  | 64.92073534843249  | 6.755178730304425  | 58.165557352701825 |
|  137  | 64.82881471291566  |  6.7034879836058   |  58.1253267180614  |
|  138  | 64.35863853258964  | 6.699755199627998  | 57.65888334225386  |
|  139  |  64.4738253549429  | 6.727455057975574  | 57.74637006710737  |
|  140  | 64.99479948386168  | 6.690924237569173  | 58.303875259008166 |
|  141  | 64.12421530307867  | 6.671740966209999  | 57.452474697797726 |
|  142  |  65.0980172651242  | 6.660150461930495  | 58.437866758688905 |
|  143  | 64.58925325833835  | 6.629180452884772  | 57.96007226797251  |
|  144  | 63.63279567620693  | 6.618873795729417  | 57.01392125838842  |
|  145  | 64.78410790076623  |  6.5870459375626   | 58.19706149761493  |
|  146  | 64.40224252554087  | 6.545938364664713  | 57.85630491207807  |
|  147  | 64.15331013997395  | 6.586867161775246  | 57.56644300020658  |
|  148  | 64.29391493577224  | 6.552635102883364  | 57.74127845959786  |
|  149  | 64.60448625613482  |  6.51137868930132  | 58.09310766758063  |
|  150  | 64.36955036652394  | 6.557020906790709  | 57.81253105750451  |
|  151  |  64.4930494885567  | 6.508259517474052  | 57.98478916657277  |
|  152  | 64.17024224697015  | 6.501598243224315  | 57.66864368536533  |
|  153  | 64.43572673308543  |  6.52122730255127  | 57.914501229310645 |
|  154  | 64.12196977664263  | 6.430200185531225  | 57.69177002735627  |
|  155  |  64.475961327186   | 6.495937117063082  | 57.980023733285755 |
|  156  | 63.85910109691131  | 6.449929762620192  | 57.40917161599184  |
|  157  | 64.55516172751402  | 6.440154994084285  | 58.11500673342974  |
|  158  | 64.69522098639072  | 6.391526414431058  | 58.303694234994744 |
|  159  | 64.33647971128806  | 6.430662016257261  | 57.90581835624499  |
|  160  | 64.81584856864734  | 6.405174937615028  |  58.4106726974096  |
|  161  | 63.86701509915866  | 6.380857053903433  |  57.4861571874374  |
|  162  | 64.22991577539689  | 6.357319651872684  | 57.87259707328601  |
|  163  | 64.34216560559395  | 6.346329085032145  | 57.995837218455776 |
|  164  | 63.489686850523334 | 6.332495936369285  | 57.157190856933596 |
|  165  | 63.335682916885766 | 6.380156243642171  | 56.955525524432844 |
|  166  | 64.48748116517679  | 6.292576939998529  | 58.19490458953075  |
|  167  | 63.98758043338091  | 6.316618044437506  | 57.670963885967545 |
|  168  |  64.2226435147799  | 6.317714225084353  | 57.904928358029096 |
|  169  | 64.57098349546774  | 6.290290639339349  | 58.28069325764974  |
|  170  | 63.87963118333083  | 6.323026531904172  | 57.55660427778195  |
|  171  | 64.08918845543495  | 6.277961809207231  | 57.811227522629956 |
|  172  | 63.86814359616011  | 6.306015846056816  | 57.562126871744795 |
|  173  | 64.19768615722656  | 6.251439447647486  |  57.9462464044033  |
|  174  | 63.68391427064553  | 6.300716797266251  | 57.383196665445965 |
|  175  | 64.38049073048127  | 6.292225797115228  | 58.088263502854566 |
|  176  | 64.33127463316306  | 6.224106813088442  | 58.107167131472856 |
|  177  | 63.95043461726262  | 6.2460730024484485 | 57.704361384465145 |
|  178  | 64.12447713216146  | 6.219648033533341  | 57.90482785738431  |
|  179  | 64.22741700392503  | 6.279942137889373  | 57.94747461954753  |
|  180  | 63.69690446120042  | 6.2260570663060895 | 57.47084773137019  |
|  181  | 64.16967658409706  | 6.280321067418807  |  57.8893555078751  |
|  182  | 63.72657766488882  | 6.314215758397029  | 57.412361825796275 |
|  183  | 63.21662399683243  |  6.23082524617513  | 56.985798961932844 |
|  184  | 63.944955013959834 |  6.27012969432733  | 57.67482603024214  |
|  185  | 63.72938158866687  | 6.2611995486724075 | 57.46818228305914  |
|  186  | 63.73576522827148  | 6.311104080982697  | 57.424659862029245 |
|  187  | 63.95104640080378  | 6.288367017110189  | 57.66267905210837  |
|  188  | 63.649890653170075 | 6.233504845545842  | 57.41638547065931  |
|  189  | 64.12399779490936  | 6.262509164076585  | 57.861488800048825 |
|  190  | 63.732252361591044 | 6.239454609797551  | 57.49279715122321  |
|  191  | 63.30861194317158  | 6.242948325719589  | 57.06566357343625  |
|  192  | 63.963778573060644 | 6.2467412664951425 |  57.7170371500651  |
|  193  |  63.7577085563464  | 6.230648137606107  | 57.52706224490435  |
|  194  | 63.67585076747797  | 6.247189654325828  | 57.42866126036033  |
|  195  | 63.438559863750754 | 6.296692768488175  | 57.14186716715495  |
|  196  | 63.90422642634465  | 6.238522256215413  | 57.66570405617738  |
|  197  | 63.92867542755909  | 6.223772588387514  | 57.704901752960986 |
|  198  | 63.85977631397736  | 6.277928478045341  | 57.581846438676884 |
|  199  | 64.08452869904347  | 6.239790047865648  | 57.84473876561874  |
|  200  | 63.79721422244341  | 6.2029348896711305 | 57.59427919827975  |
|  201  | 63.99853249183068  | 6.221427089006473  | 57.77710597894131  |
|  202  |  63.9116478122809  | 6.309087376227746  |  57.6025606243427  |
|  203  | 64.03889178153796  | 6.215516298734225  | 57.82337325658553  |
|  204  | 63.53944090231871  |   6.222769824297   |  57.3166703913762  |
|  205  | 63.70794373341096  | 6.237238321548853  | 57.470706540621244 |
|  206  | 64.32374731210562  | 6.269070945641933  | 58.054675480769234 |
|  207  | 63.70537355863131  | 6.230047782995762  | 57.47532477745643  |
|  208  | 63.43800659179688  | 6.238703700823661  | 57.199302426851716 |
|  209  | 63.843487329727566 | 6.245993779011262  | 57.597493560008516 |
|  210  | 63.43779462374174  | 6.2153872842055105 | 57.22240758260091  |
|  211  | 63.808968897110375 | 6.229037150358542  | 57.579931096786105 |
|  212  | 64.37813257461939  |  6.25561821277325  | 58.122512684357474 |
|  213  | 63.221683357434394 | 6.239257496075752  | 56.98242619049855  |
|  214  | 64.26480118971604  | 6.172737811650985  | 58.09206331693209  |
|  215  | 63.33617600269807  | 6.234502082726895  | 57.101672973632816 |
|  216  | 63.94701414841872  | 6.235833750504714  | 57.711178361941606 |
|  217  | 63.95257280398638  | 6.181030396681566  | 57.771541877159706 |
|  218  | 63.90552246876252  | 6.192837520990616  | 57.71268431052184  |
|  219  |  63.4256184778458  |  6.1936977489178   |  57.2319209759052  |
|  220  | 63.78624526977539  | 6.129107255691137  | 57.65713865622496  |
|  221  | 64.52846391726763  | 6.156496600126609  | 58.371967585637016 |
|  222  | 64.07064969576322  | 6.193856672140268  | 57.876792845114686 |
|  223  | 63.69428681202424  | 6.165657465029986  | 57.52863023806841  |
|  224  | 63.85236143454527  | 6.195365230364677  | 57.65699611957257  |
|  225  | 63.50623501508664  | 6.143191914680677  | 57.363043521978916 |
|  226  | 63.434407387757915 | 6.171756595709385  | 57.262650443835135 |
|  227  | 63.729530655298475 |  6.18208560747978  | 57.54744594476162  |
|  228  | 63.67764415643154  | 6.1569348662938825 |  57.5207095297789  |
|  229  | 63.10381764729818  | 6.195682348593688  | 56.90813478518755  |
|  230  | 64.01942813579853  | 6.169291448348607  |  57.8501365622496  |
|  231  | 63.81249633789062  |  6.14762682792468  | 57.664870828481824 |
|  232  | 63.91942923521384  | 6.177798887399526  | 57.74162916917067  |
|  233  | 63.15799746782352  |  6.18754773849096  | 56.97045044727815  |
|  234  | 63.42557121863732  | 6.1758954806205555 | 57.249675410344054 |
|  235  | 63.44722800230369  | 6.1814264243688335 | 57.26580268664238  |
|  236  | 63.63815707475711  | 6.222321726970184  |  57.4158344914363  |
|  237  | 63.34130040877905  | 6.1942334409860464 | 57.14706688905373  |
|  238  | 63.99466630202073  | 6.185385416960105  |  57.8092810175969  |
|  239  | 63.614359537760414 | 6.196194733839769  | 57.418164895864635 |
|  240  | 63.77807784251678  | 6.166432298513559  | 57.61164509308644  |
|  241  |  64.0680544535319  | 6.201843848106189  | 57.86620892255734  |
|  242  | 63.411239365797776 | 6.100659610063602  | 57.31057969704653  |
|  243  | 63.60467304327549  |  6.16630859766251  | 57.43836460211338  |
|  244  | 63.46582854833358  | 6.147210074693729  | 57.31861891526442  |
|  245  | 63.62658490694486  | 6.165351917560284  | 57.46123265975561  |
|  246  | 63.564467507386816 | 6.157309372241681  | 57.407156293820115 |
|  247  | 63.71485381688827  | 6.115786952483348  | 57.599068047939205 |
|  248  |  63.6205998816857  | 6.130942275218475  | 57.489656794621396 |
|  249  |  63.621409571721   | 6.131624869322166  | 57.489784675011265 |
|  250  | 63.80458207741762  | 6.149142677111503  | 57.65544034517728  |
|  251  | 63.83770033616286  | 6.158234361990904  | 57.67946579370743  |
|  252  | 63.063973013070914 |  6.13728244634775  | 56.926690415602465 |
|  253  | 63.86133356730143  | 6.098145776406312  | 57.76318743583484  |
|  254  | 63.318162395770734 |  6.1332810206291   | 57.184880508031604 |
|  255  | 63.580443490835336 | 6.097630006839068  | 57.48281207353641  |
|  256  | 63.50510210477389  | 6.131623292091565  | 57.37347938341972  |
|  257  | 64.31158137786083  | 6.059397820203732  | 58.25218266805013  |
|  258  | 63.74374503111228  | 6.130983184423203  | 57.612761594332184 |
|  259  | 63.68125990647536  | 6.099745610555013  | 57.58151407877604  |
|  260  | 63.65546136318109  | 6.090917608799079  | 57.56454485770983  |
|  261  | 63.55416394355969  | 6.125813031807924  | 57.428350654015176 |
|  262  | 63.46927671383589  | 6.081657906556741  | 57.38761849427834  |
|  263  | 62.96497529641176  | 6.0909757721729765 | 56.873999340350814 |
|  264  | 63.11073310265174  | 6.069928322327443  |  57.0408051945613  |
|  265  | 62.99446116912059  | 6.084740143800393  | 56.909720603747246 |
|  266  | 63.45682922754532  | 6.063544916495299  | 57.39328305366712  |
|  267  |  63.8049220706255  | 6.0835944630549506 | 57.72132684560923  |
|  268  | 63.65320940849109  | 6.029318690666786  | 57.62389002873347  |
|  269  | 63.42515391031901  | 6.022425468151386  | 57.40272883488582  |
|  270  | 62.99269998403696  | 5.985451884147448  | 57.00724865253155  |
|  271  | 63.55110960349059  | 6.012979024740366  | 57.538130321013625 |
|  272  | 62.91571350488907  | 6.071925976582063  | 56.84378702016977  |
|  273  | 63.788525085449216 | 6.030900964981471  | 57.757623498378656 |
|  274  | 63.27292626796625  |  6.00760359348395  | 57.26532192914914  |
|  275  | 63.35082537920047  | 5.958965416932718  | 57.39185955732297  |
|  276  | 63.50178178836138  |  6.03856052838839  | 57.463221243833885 |
|  277  | 63.58633616520808  | 5.992368599818303  | 57.59396787985777  |
|  278  |  63.6436419912485  | 5.940157789083628  |  57.7034840236566  |
|  279  | 63.93160138252454  | 6.032235846886268  | 57.899365723438756 |
|  280  | 63.45749728471805  | 5.996221022972694  | 57.46127715281951  |
|  281  | 63.27947165855995  | 5.942466264871451  | 57.337006260798525 |
|  282  | 63.07474377754407  | 5.941939057081173  |  57.1328047258426  |
|  283  | 63.453724373059394 | 5.8971917646359175 | 57.55653247931065  |
|  284  | 63.73445476042919  | 5.895816031724979  | 57.838638454339446 |
|  285  | 63.08787400074494  | 5.940395276485345  | 57.147479611910306 |
|  286  | 63.307271873278495 |  5.94870637013362  | 57.358565971178884 |
|  287  | 63.24688792693309  | 5.929822842035538  | 57.31706532013722  |
|  288  | 63.23508153670873  | 5.949884488521478  | 57.285196897066555 |
|  289  | 62.96308463072165  | 5.945804735330435  | 57.01727967091096  |
|  290  |  63.7658489442483  | 5.9057578976949054 | 57.860090582431894 |
|  291  | 63.055708837264625 | 5.9176227300595015 | 57.13808572231195  |
|  292  | 62.675298915765225 | 5.9433945249899836 | 56.73190479767628  |
|  293  | 63.17086229373247  |  5.86448031156491  | 57.30638253236428  |
|  294  | 63.37478656866612  | 5.9416545329949795 | 57.433133208446016 |
|  295  | 63.14771631485377  | 5.8215309915787135 | 57.326185216659155 |
|  296  | 62.90649873782427  | 5.9116411331372385 | 56.994857201209435 |
|  297  | 62.75640152760041  | 5.915731902489296  | 56.84066936395107  |
|  298  | 63.04819602770683  | 5.915181229909261  | 57.13301510150616  |
|  299  | 63.43328182513897  | 5.854782345111554  | 57.57849869948167  |
|  300  | 63.44094643226037  | 5.873353456839537  | 57.56759232349885  |
|  301  | 63.19284418350611  | 5.871031861427503  | 57.32181223551432  |
|  302  | 63.095343784430085 | 5.889038685040596  | 57.206305401141826 |
|  303  | 62.62091218997271  | 5.874593779246013  | 56.74631923186473  |
|  304  | 63.18731011023888  | 5.854558295225486  |  57.3327515626565  |
|  305  | 62.61948676084861  | 5.917614449232053  | 56.70187236296825  |
|  306  |  63.0395661339393  | 5.897714989001934  | 57.141851137601414 |
|  307  | 62.74824810321515  | 5.9015564986986995 | 56.846693377372546 |
|  308  | 62.61939070090269  | 5.8749835249093865 |  56.7444069534693  |
|  309  | 62.997493560008515 | 5.906065836197291  |  57.0914278509678  |
|  310  | 63.36561942858574  | 5.888151660332313  | 57.477469228108724 |
|  311  | 63.775752606514175 | 5.856371703025622  | 57.919381330441205 |
|  312  | 63.039931515424676 | 5.8887079566564315 | 57.15122363750751  |
|  313  | 62.973414114927635 | 5.869915413000645  | 57.10349889510717  |
|  314  | 63.33547742794722  | 5.831111406179575  |  57.5043657821264  |
|  315  | 63.08878094795423  | 5.879550034938714  | 57.209231774745845 |
|  316  | 63.13944577339368  | 5.853756250723815  | 57.28569001417894  |
|  317  | 63.06082175230369  | 5.864261449667124  | 57.19655978863056  |
|  318  | 63.338760548127006 | 5.878287436167399  | 57.460473038110976 |
|  319  | 62.79721671079978  |  5.87671479787582  | 56.92050292186248  |
|  320  | 63.148498824681994 | 5.833284708658854  | 57.31521424122346  |
|  321  | 62.96549032358023  | 5.859557300958878  | 57.10593265240009  |
|  322  | 62.98756366436298  | 5.868954440385868  | 57.118609192677035 |
|  323  | 63.08266476362179  | 5.875628771659655  | 57.20703652797601  |
|  324  |  63.8723241404998  | 5.897307664431058  | 57.97501664381761  |
|  325  | 63.49435060941256  |  5.86221405958518  | 57.632135651417265 |
|  326  | 63.15944530780499  | 5.868087912828495  | 57.291358939928884 |
|  327  | 63.55146139291617  | 5.842394261971498  | 57.709068419627656 |
|  328  |  63.0904893376277  | 5.853227145855243  | 57.23726040962415  |
|  329  | 63.325130716959634 | 5.8643244904738205 |  57.4608062118139  |
|  330  | 63.36291985536233  |  5.80485082137279  | 57.55806997445914  |
|  331  | 62.962422082363034 | 5.9318997461367875 | 57.030522899138624 |
|  332  | 63.06138911320613  | 5.845379880758432  | 57.21601071479993  |
|  333  | 63.07883181058443  | 5.8765118124546145 | 57.202319758488585 |
|  334  | 63.15307318662986  | 5.888712407136575  | 57.264359705998345 |
|  335  | 62.803059735420426 | 5.862683595021566  | 56.94037526057317  |
|  336  | 63.411083585298975 | 5.850490055573292  | 57.56059391119541  |
|  337  | 62.889243782239085 | 5.811517668993045  | 57.07772601005359  |
|  338  | 62.87234227107121  | 5.921700179760273  | 56.95064133081681  |
|  339  | 63.39642722887871  |  5.81843047948984  | 57.57799717829778  |
|  340  | 63.04134584475786  | 5.869918478941306  | 57.17142670460236  |
|  341  | 63.09042524288862  | 5.834334367116292  | 57.25609099168044  |
|  342  | 62.72910188723833  | 5.8260488211802945 | 56.90305271637745  |
|  343  | 62.37378530649038  | 5.888191835941413  | 56.48559468587239  |
|  344  | 62.568891268999145 | 5.824453758826623  |  56.7444372284718  |
|  345  | 63.423215026855466 | 5.874762403048002  |  57.5484521875626  |
|  346  | 63.04863584078275  | 5.910051479828663  | 57.13858490381485  |
|  347  | 63.09647211319361  |  5.79887285232544  | 57.297598951290816 |
|  348  | 62.95600514729818  | 5.828299424587152  | 57.12770645532853  |
|  349  |  62.2620567986904  | 5.899511315761468  | 56.36254551422902  |
|  350  | 63.27455780029297  | 5.832542228209666  | 57.44201462574494  |
|  351  | 62.63529774201222  | 5.834403627346724  | 56.80089509230394  |
|  352  | 62.813573142809744 | 5.823991612165402  | 56.989581361428286 |
|  353  | 63.38020773080679  | 5.8018819310114935 | 57.57832576653896  |
|  354  | 62.98084000807542  |  5.79080560146234  | 57.19003384321164  |
|  355  | 63.13647956261268  | 5.819179290869297  | 57.31729985555013  |
|  356  | 63.40737897432768  | 5.861819966634115  | 57.54555891770583  |
|  357  | 63.021441521277794 | 5.8456028248713565 | 57.175838771722255 |
|  358  | 63.312780499580576 | 5.832215564434345  | 57.480565561147834 |
|  359  | 62.54487073066907  | 5.8764159021622095 | 56.668455489721055 |
|  360  | 63.40282231257512  | 5.8278576063498475 | 57.57496425139598  |
|  361  | 63.00399630033053  | 5.883258298238118  | 57.12073723426232  |
|  362  | 62.66794403858674  | 5.873174347510704  | 56.79476870414538  |
|  363  | 62.97499953832382  | 5.859654851571108  | 57.11534419524364  |
|  364  | 63.378100218161556 | 5.826363653525328  | 57.55173667712089  |
|  365  |  62.8016356639373  | 5.851723008278089  | 56.94991172594902  |
|  366  | 62.73765536186023  | 5.855785039755014  | 56.88186987852439  |
|  367  | 62.87494733761518  | 5.865109381553454  | 57.00983783819736  |
|  368  | 62.87724834735577  | 5.8613516983619105 | 57.01589589436849  |
|  369  | 62.73443903213892  | 5.827532382867275  |  56.9069069534693  |
|  370  | 63.325653146597055 | 5.8104078698769595 | 57.515245236127804 |
|  371  | 63.45718088785807  |  5.81154176565317  | 57.645638149946166 |
|  372  | 63.198349828475564 | 5.820434898474278  | 57.377913908347104 |
|  373  | 63.06012973100711  | 5.838696906260955  |  57.2214332424066  |
|  374  |  63.3036483999399  | 5.826624366075564  | 57.47702442658253  |
|  375  | 62.47059407943334  | 5.865994191292005  | 56.60459874471029  |
|  376  | 62.953946979229265 | 5.8381323418250455 | 57.115813790345804 |
|  377  | 62.89115072005834  | 5.874304908850254  | 57.016844877585385 |
|  378  | 63.285660881629354 | 5.814987604190142  | 57.47067250569661  |
|  379  | 62.549194883688905 | 5.826315689086914  | 56.72288031944862  |
|  380  | 62.850155107547074 | 5.814706457578219  |  57.0354487492488  |
|  381  | 63.106004767784704 | 5.814506124349741  | 57.29149932078826  |
|  382  | 63.11465040158003  | 5.800379706651737  | 57.31427036383213  |
|  383  | 62.76814134255434  | 5.824681789202568  | 56.943460501646385 |
|  384  |  62.8420702342498  | 5.804652238503481  | 57.03741777860201  |
|  385  | 62.856546787359775 | 5.7654838038713505 | 57.09106294680864  |
|  386  | 62.740558041303586 | 5.856228905702249  | 56.88432869544396  |
|  387  | 63.010639902750654 | 5.7622253461984485 | 57.24841298812475  |
|  388  | 63.22059999123598  | 5.810609948573968  | 57.40998872414613  |
|  389  | 63.415406924516724 | 5.798465818258432  | 57.61694136008238  |
|  390  | 62.921480360764726 | 5.756355092953413  | 57.16512499686999  |
|  391  | 62.957476035876155 | 5.7949434935740936 | 57.16253182826898  |
|  392  | 62.33728516407502  | 5.773668342981583  | 56.56361705682217  |
|  393  | 62.703538442758415 | 5.813880959046193  | 56.88965877435146  |
|  394  | 62.842443260779746 | 5.796326175591885  | 57.046116947271884 |
|  395  | 63.12665376712114  | 5.780147122603196  | 57.34650678976988  |
|  396  | 63.42042957794972  | 5.736706091073843  | 57.68372326973157  |
|  397  | 62.21200002034505  | 5.750931119674291  | 56.46106737968249  |
|  398  | 63.19949413592999  | 5.773737273583046  | 57.42575634687375  |
|  399  |  62.7953335923415  | 5.744303784003624  | 57.051029690473506 |
|  400  | 62.72525894165039  | 5.774309061001508  | 56.95095058734601  |
|  401  | 63.41857681274414  | 5.678648448357215  | 57.73992709037585  |
|  402  | 62.747279185759716 | 5.726672304104536  | 57.02060641948994  |
|  403  | 62.648712040827824 | 5.726598589970515  | 56.92211246979542  |
|  404  | 62.70702317457933  | 5.702789703760391  | 57.004233715350814 |
|  405  | 62.58024277907151  | 5.7520754403334395 | 56.82816676604442  |
|  406  | 62.93204330835587  | 5.745300179995024  | 57.18674346532577  |
|  407  | 62.35985155545748  | 5.757352913587521  | 56.602498043744994 |
|  408  | 62.425476966271034 | 5.740975906665509  | 56.68450132321089  |
|  409  | 62.994034748566456 | 5.727949303847093  | 57.26608390221229  |
|  410  | 63.317271509415065 | 5.681339153387608  | 57.63593189728566  |
|  411  | 62.74941191061949  | 5.704944512293889  | 57.04446634537135  |
|  412  | 62.53725260416667  |  5.70793962918795  | 56.82931387876853  |
|  413  | 62.339043958615036 | 5.728255847539657  | 56.61078840206831  |
|  414  | 62.96729783669496  | 5.681399497007712  | 57.285897651085484 |
|  415  | 62.858589508839145 |  5.65381895505465  | 57.20477094210111  |
|  416  | 62.62393774570563  | 5.706846393683018  | 56.917091502654245 |
|  417  | 62.19375780936999  | 5.693090623219808  | 56.50066783807217  |
|  418  | 62.59233040442834  | 5.670931518750313  | 56.92139915270683  |
|  419  | 62.17593299278846  | 5.685621452331543  | 56.49031133015951  |
|  420  | 62.74219013703175  | 5.648283792642447  | 57.09390653170072  |
|  421  | 62.88447577060797  | 5.679795111631735  | 57.20467975714268  |
|  422  | 62.74355588472807  | 5.649246582129063  | 57.09430917201898  |
|  423  | 62.65229722243089  | 5.701878941364777  | 56.95041872855945  |
|  424  | 62.64604006645007  |  5.69446061354417  | 56.951579077304935 |
|  425  | 62.11274416410006  | 5.6718454962510325 | 56.440899599515475 |
|  426  | 62.256628758357124 | 5.715129476204897  | 56.54149938338842  |
|  427  | 62.46395073523888  | 5.681298553271171  | 56.78265126154973  |
|  428  | 62.411214740459734 | 5.665119489034017  | 56.74609454423953  |
|  429  | 62.37574111547226  |  5.68910633722941  | 56.68663431412134  |
|  430  | 62.62751683161809  | 5.624753208649464  | 57.002762588109725 |
|  431  | 62.31623391958384  | 5.691280252505571  | 56.624954489683496 |
|  432  | 62.45435605953901  | 5.6843665323501975 | 56.769989663148536 |
|  433  | 63.130705186892776 | 5.682223375760592  | 57.44848196958884  |
|  434  | 62.594112235827325 | 5.681923241248498  | 56.912189428867435 |
|  435  | 62.60006170810797  | 5.719831543946878  | 56.88023005558894  |
|  436  | 62.87639803372897  | 5.655074371924767  | 57.22132630177033  |
|  437  | 62.28287896572015  | 5.645313208164313  | 56.63756551498022  |
|  438  | 62.61604062202649  | 5.673992241101387  | 56.94204850416917  |
|  439  | 63.06573141244741  | 5.671022927210881  | 57.39470862364158  |
|  440  |  62.803458005465   | 5.654759594354874  | 57.14869722023988  |
|  441  | 62.92147003173828  | 5.647674205975655  | 57.27379682883238  |
|  442  | 62.66641530354818  | 5.660359579233023  | 57.00605712890625  |
|  443  | 62.71141558133639  |  5.71065332314907  | 57.00076200436323  |
|  444  | 62.52674503424229  | 5.691458590580867  | 56.835285014617135 |
|  445  | 62.64946770692483  | 5.656326736548008  | 56.99314133864183  |
|  446  |  62.6410378519694  | 5.680632015130459  | 56.96040517562475  |
|  447  | 62.273453486515926 | 5.636317580296443  | 56.63713619134365  |
|  448  | 63.560447974571815 | 5.655447406768799  | 57.90500004303761  |
|  449  | 62.30246346498147  | 5.671317829229893  | 56.631145852895884 |
|  450  |  62.4957600402832  | 5.710659819871951  | 56.785100465432194 |
|  451  | 62.65673950977815  | 5.6976883360055774 | 56.95905227661133  |
|  452  | 62.861005342923676 | 5.647604297246689  | 57.213400241167115 |
|  453  | 62.71592041406876  | 5.696137160276756  | 57.01978355212089  |
|  454  | 63.210421365591195 | 5.675166348188351  | 57.53525520520333  |
|  455  | 63.09568210699619  | 5.644904165023412  | 57.45077828822992  |
|  456  | 63.142681110088645 | 5.635795849042061  |  57.5068849221254  |
|  457  | 62.578788096110024 | 5.640944085732484  | 56.93784411699344  |
|  458  | 62.35172595684345  | 5.661813377967247  | 56.68991264147636  |
|  459  | 62.815265741592796 | 5.6176739022670645 | 57.19759163489709  |
|  460  | 62.41088241185897  | 5.667303159664839  | 56.743580631353915 |
|  461  | 62.39582100501427  | 5.6526963175260105 | 56.743124479636165 |
|  462  | 63.01582548483824  |  5.59867958900256  | 57.41714623475686  |
|  463  | 62.10752166748047  | 5.6437449005322575 | 56.46377701196915  |
|  464  | 62.81394315279447  | 5.644708427527012  | 57.169234763903496 |
|  465  | 62.61698032476963  | 5.605117631569887  | 57.01186203394181  |
|  466  | 62.165472302559095 | 5.6717997829730695 | 56.49367272401467  |
|  467  | 62.636648806058446 | 5.669632057287754  | 56.96701816265399  |
|  468  | 63.041355097844054 | 5.671688093038705  | 57.36966650938376  |
|  469  | 62.918895510160006 |  5.71968853241358  | 57.19920817448543  |
|  470  | 62.940989884596604 | 5.6716396913772975 | 57.269350359011916 |
|  471  |  62.2214114066882  | 5.713994792546981  | 56.50741629576072  |
|  472  |  62.6277058997521  | 5.658030789204133  | 56.969674760867385 |
|  473  | 62.22615194076147  | 5.658848409408178  | 56.56730587690304  |
|  474  | 62.89050986265525  | 5.649929758707683  | 57.240580354348204 |
|  475  | 62.53814383482322  | 5.689441273029034  | 56.84870173136393  |
|  476  |  63.0240282420623  | 5.664452094053611  | 57.35957661946615  |
|  477  | 62.43909746610201  | 5.650593437292637  | 56.78850290542994  |
|  478  | 62.77553672986153  | 5.679800791618152  | 57.09573654566056  |
|  479  | 62.98830073038737  | 5.618933596977821  | 57.36936528132512  |
|  480  | 62.41472846397987  | 5.605424466255384  | 56.80930422269381  |
|  481  | 61.95594983614408  |  5.62053256157117  | 56.335416013277495 |
|  482  | 62.38792056352664  | 5.634950574239095  | 56.752969689002406 |
|  483  | 62.561095091990936 | 5.6589614506256884 | 56.90213333912385  |
|  484  | 62.477449548183344 | 5.647323662684514  | 56.83012501643254  |
|  485  | 62.34327913724459  | 5.594239365993402  | 56.74903965876653  |
|  486  | 62.28980521177634  | 5.635123890607785  | 56.654681991185896 |
|  487  | 62.32995646941356  | 5.629979097904303  | 56.69997727222932  |
|  488  | 62.40003630418044  | 5.639677121578119  | 56.760359880496296 |
|  489  | 62.60306207510141  | 5.632129177680382  | 56.970933536627356 |
|  490  | 62.33577777960362  | 5.669390795291998  | 56.66638725867638  |
|  491  | 62.223733477470205 | 5.6602947773077545 |  56.5634385955028  |
|  492  | 62.12297370323768  | 5.6479053727174415 | 56.47506828503731  |
|  493  | 62.03195951804137  | 5.550153347895695  | 56.48180533384665  |
|  494  | 62.372979129889075 |  5.65033485461504  | 56.72264420338166  |
|  495  | 63.069875108767775 | 5.632800807463817  | 57.437073927659256 |
|  496  | 62.53653438079051  | 5.623198497967842  | 56.91333645160382  |
|  497  | 62.76781269953801  | 5.602315461085393  | 57.16549745608599  |
|  498  | 62.22640930175781  | 5.650083380968143  | 56.57632633698292  |
|  499  | 62.54663233830379  | 5.588198765974778  | 56.95843373225286  |
|  500  | 62.694712571364185 | 5.631564829899714  | 57.06314780993339  |
|  501  | 62.06207788320688  | 5.641896209716797  | 56.42018089490059  |
|  502  | 62.07199289957682  | 5.595128275064321  | 56.47686507004958  |
|  503  | 62.51571950276693  | 5.604681820991711  | 56.911038059332434 |
|  504  | 62.57925923665365  | 5.625358264629657  | 56.953901942326475 |
|  505  | 62.81127611991687  | 5.5277298545837406 | 57.28354691725511  |
|  506  | 62.23411286965395  |  5.6436355810899   | 56.590477592272634 |
|  507  | 62.14477611443935  | 5.588917327783046  | 56.55585998143905  |
|  508  | 62.40237719413562  | 5.608511807857416  | 56.79386489085662  |
|  509  | 62.36167896368565  | 5.599147905203012  | 56.76253133138021  |
|  510  | 62.55255525637896  | 5.576777792221461  | 56.97577864426833  |
|  511  | 62.445233209072015 | 5.5628291359925885 | 56.88240303626427  |
|  512  | 62.22659782996544  | 5.602839328570243  | 56.62375802064553  |
|  513  | 62.532664849697014 | 5.650668870485746  | 56.881995716584036 |
|  514  | 61.96511742616311  | 5.640895293309138  | 56.324222196921326 |
|  515  | 62.74576778314052  | 5.576984134087196  | 57.16878311157227  |
|  516  | 62.14388447296925  |  5.62980344136556  | 56.514081123547676 |
|  517  | 62.171048337496245 | 5.589823847550612  | 56.58122450999725  |
|  518  | 63.00295422676282  | 5.557890957074288  |  57.4450631244366  |
|  519  | 62.71096022385817  | 5.548178944709973  | 57.16278182592148  |
|  520  | 62.13257823063777  | 5.582025324992644  | 56.55055433224409  |
|  521  | 62.55801897880359  |  5.56702679609641  | 56.99099130092523  |
|  522  | 62.37552064162034  | 5.556943475283109  | 56.81857715313251  |
|  523  | 62.39450897999299  | 5.560958334115836  | 56.83355064587715  |
|  524  | 62.27882910312751  | 5.547649771861541  | 56.731180439484426 |
|  525  | 62.36337735298353  | 5.5823715752821705 |  56.7810061332507  |
|  526  | 62.45357916416266  |  5.5466864160391   | 56.90689282539563  |
|  527  | 61.966973708715194 | 5.600740284552941  | 56.36623301188151  |
|  528  | 62.34510746882512  | 5.555071195455698  | 56.79003700451973  |
|  529  | 62.82623652531551  | 5.555958882845365  | 57.27027620755709  |
|  530  | 62.57305027888371  | 5.524831663767497  | 57.04821762084961  |
|  531  | 61.92069478744116  | 5.510768389579577  | 56.40992630004883  |
|  532  | 62.14641075721154  |  5.5626045750349   | 56.58380625406901  |
|  533  | 61.59490519988231  | 5.578177724495912  | 56.01672804221129  |
|  534  | 61.907998704176684 | 5.595083718422131  | 56.31291382227189  |
|  535  | 62.443858979053985 | 5.5136093423305415 | 56.930248463948566 |
|  536  | 62.582957153320315 | 5.5621727693997896 | 57.020785385523084 |
|  537  | 62.256642432579625 | 5.574506214337471  | 56.682136590419674 |
|  538  | 62.21522723466922  | 5.5699783951196915 | 56.64524943425105  |
|  539  | 62.39454775687976  |  5.51289291528555  | 56.881654189672226 |
|  540  | 62.11930639022436  |  5.53142633389204  | 56.58787891485752  |
|  541  | 62.485008314083785 | 5.499195502843612  | 56.98581329736954  |
|  542  | 62.903366988744494 | 5.5247881434513975 | 57.378579504551034 |
|  543  | 62.57445501082983  | 5.5172534057421565 | 57.057200544308394 |
|  544  | 62.32199174147386  | 5.521058560884915  | 56.800933215801535 |
|  545  | 62.10567180926983  | 5.584318347833095  | 56.521353509364985 |
|  546  |  62.3732419918745  | 5.528989403064434  | 56.84425279666216  |
|  547  | 62.235316244272084 | 5.541074745960724  | 56.69424113738231  |
|  548  | 62.359396683130505 | 5.531516649784186  | 56.82787839449369  |
|  549  | 62.30723027938451  | 5.514346094376002  | 56.792884756234976 |
|  550  | 62.09160876151843  | 5.556669112963554  | 56.53494057679788  |
|  551  | 62.737650091709234 | 5.518957545940693  | 57.21869218483949  |
|  552  | 62.50680303720328  | 5.478456893823085  | 57.02834627200396  |
|  553  | 61.99550231542343  | 5.539595340826573  | 56.45590835571289  |
|  554  | 62.666803158491085 | 5.512957686399802  | 57.15384476099259  |
|  555  | 62.294420854617385 | 5.5185992959829475 | 56.77582116151467  |
|  556  | 62.15849237686548  | 5.504384003663675  | 56.65410948142027  |
|  557  | 61.518330308963094 | 5.500644300411909  | 56.01768547644982  |
|  558  | 62.538653419690256 | 5.498306955190805  | 57.040344993395685 |
|  559  | 62.68211620232998  | 5.549692137302497  | 57.13242377256736  |
|  560  | 62.63191447722606  | 5.500148607889812  | 57.13176660782251  |
|  561  | 62.123086086175384 | 5.519423562074319  | 56.60366289970202  |
|  562  | 62.80704344529372  | 5.516495107014974  | 57.29054936726888  |
|  563  | 62.25827261117789  | 5.520088032453488  | 56.738184317564354 |
|  564  | 62.44063043838892  | 5.563540623493684  | 56.87708991808769  |
|  565  | 62.43812473003681  | 5.446048603546925  | 56.99207634559045  |
|  566  | 61.93006465814052  | 5.502418456933437  | 56.42764739990234  |
|  567  | 62.48795783018455  | 5.4603333360720905 | 57.02762264545147  |
|  568  | 61.90550571539463  | 5.518483248979617  | 56.38702189518855  |
|  569  | 62.32521647135417  | 5.5083605849437225 | 56.81685562133789  |
|  570  | 62.14132023737981  | 5.5138102208651025 | 56.627510962853066 |
|  571  | 61.77513174594977  | 5.533133755219288  | 56.24199862749148  |
|  572  | 62.104906420585436 | 5.531972803947253  | 56.57293247711964  |
|  573  |  62.6569673039363  | 5.499621845147549  | 57.15734556931716  |
|  574  | 62.17552953475561  | 5.496384367331481  | 56.679146192501754 |
|  575  | 62.54826430100661  | 5.573861955985045  | 56.974402195857124 |
|  576  | 62.37144417004708  | 5.535329656356421  | 56.83611332820012  |
|  577  | 62.35979656512921  |  5.53981406334119  | 56.81998363788311  |
|  578  | 62.03259631817158  | 5.577517295250526  | 56.45507868057642  |
|  579  | 62.78209943722456  | 5.483312582847399  | 57.29878523606521  |
|  580  | 62.08313478910006  | 5.5499310938517254 | 56.53320379795172  |
|  581  | 62.524491866674175 | 5.552164762937106  | 56.97232700445713  |
|  582  | 61.86419381166116  | 5.525136596484062  | 56.33905626737155  |
|  583  | 62.13705307398087  | 5.525928090413411  | 56.61112704937275  |
|  584  | 61.96764263446514  | 5.516057566618308  | 56.45158415965545  |
|  585  | 62.462131973657854 | 5.530813415722969  | 56.931317889873796 |
|  586  | 62.186882895445216 | 5.5465289497375485 | 56.64035332312951  |
|  587  |  61.9255516795623  | 5.558991529024564  | 56.36655983949319  |
|  588  | 62.41407290336413  | 5.501079734900059  | 56.912993805714144 |
|  589  | 62.292732669145636 | 5.519350458291861  | 56.77338227883364  |
|  590  | 61.625261469131864 | 5.526258807060046  | 56.09900419577574  |
|  591  | 61.97027098435622  | 5.547304204794076  | 56.422966551169374 |
|  592  | 62.46128111227965  | 5.539819295345208  | 56.921461811554735 |
|  593  | 62.324835252028244 |  5.50123737579737  | 56.82359828459911  |
|  594  | 62.22050661527194  | 5.530752381544847  | 56.68975438827123  |
|  595  | 62.46972178141276  | 5.5430773167732434 |  56.9266450774364  |
|  596  | 61.96473758795322  | 5.567012116847894  |  56.3977255483774  |
|  597  | 62.63910326835437  | 5.552765395335662  |  57.0863379297501  |
|  598  | 61.77235905965169  | 5.551924035488031  | 56.22043518066406  |
|  599  | 62.522715313251204 | 5.529438987634121  | 56.99327626154973  |
|  600  | 62.70346595959786  | 5.526495426862668  | 57.176971271221454 |
|  601  | 62.34628956330128  |  5.55579405662341  | 56.79049623538286  |
|  602  | 61.924547968155295 | 5.521611585372534  | 56.402936053153795 |
|  603  | 62.552188822428384 | 5.539509087587014  | 57.01268020238632  |
|  604  | 61.50958569648938  | 5.515731310233091  | 55.993853611090245 |
|  605  | 61.78226477989784  | 5.513110544253618  | 56.26915409185948  |
|  606  | 62.40338808891101  | 5.474948981847518  | 56.928438435089895 |
|  607  | 62.45219545022035  | 5.553474996517866  | 56.89871965848483  |
|  608  | 62.05300490159255  |  5.4791601171249   | 56.573844690567405 |
|  609  | 61.90377184745593  |  5.50767518165784  | 56.39609599578075  |
|  610  | 62.61085190601838  | 5.467045807960706  | 57.14380598019331  |
|  611  | 62.422376877222305 |  5.49929384182661  | 56.923084615071616 |
|  612  | 62.21767099625025  | 5.504729341849303  | 56.712941565880406 |
|  613  | 61.92759005815555  | 5.548075638795511  | 56.37951424231896  |
|  614  | 61.95539091061323  | 5.499435537289351  | 56.455955325395635 |
|  615  | 62.923585893679885 |  5.46740198526627  | 57.45618419549404  |
|  616  | 62.11964598826873  | 5.547264468364227  | 56.572381403996395 |
|  617  | 61.97975791735527  | 5.507680059090639  | 56.47207830575796  |
|  618  |  61.9954203913762  | 5.5029205102186936 | 56.492499080560144 |
|  619  | 62.57019272633088  | 5.528861493330735  | 57.04133103981996  |
|  620  | 62.00641907912034  | 5.516820606818566  | 56.48959692930564  |
|  621  | 62.02595846714117  | 5.4921371792524285 | 56.53382116464468  |
|  622  | 62.90602839543269  | 5.494494725740873  | 57.411535124167415 |
|  623  | 62.23620163355118  | 5.484793551029303  | 56.75140719682742  |
|  624  | 61.828287302652996 | 5.466209875253531  | 56.362077268942805 |
|  625  | 62.55638748951447  | 5.514444019122002  | 57.04194317939954  |
|  626  |  62.550513282189   | 5.4849281076284555 | 57.06558545626127  |
|  627  | 62.122662987342245 | 5.527329588669997  | 56.595333467141174 |
|  628  | 62.39883182623448  | 5.525602513337747  | 56.87322883801583  |
|  629  | 61.43551297701322  | 5.489658681918413  | 55.94585370577299  |
|  630  |  61.7623349233774  | 5.480178877512614  | 56.28215630555764  |
|  631  | 62.10934560922476  | 5.531318758451022  | 56.578027281149836 |
|  632  | 62.16761258638822  | 5.491204163477971  | 56.676408441005606 |
|  633  | 62.59375131460337  | 5.539113377302121  | 57.05463760767228  |
|  634  | 62.11085854946039  | 5.473117473308856  | 56.63774056459084  |
|  635  | 62.121427260178784 | 5.444869016011556  | 56.67655989035582  |
|  636  | 62.338755677052035 | 5.486577965173966  | 56.852177194448615 |
|  637  | 62.519964490059095 | 5.4606073223016205 | 57.05935765193059  |
|  638  | 62.26031178792318  | 5.479630877665985  | 56.780680761092746 |
|  639  |  61.9140820703751  | 5.444927016038161  | 56.46915473742363  |
|  640  |  61.8886420694987  | 5.504917421585474  | 56.38372466649765  |
|  641  | 61.85476341051933  | 5.488384957924867  | 56.366380192683295 |
|  642  | 62.742213146503154 | 5.453702865013709  | 57.28850964277218  |
|  643  | 61.852191799848505 | 5.503801682790121  | 56.348390608567456 |
|  644  | 61.89204505724785  | 5.478562076275165  | 56.41348245082757  |
|  645  | 62.10150067842924  | 5.452938506297576  | 56.648562387319714 |
|  646  | 61.581895329402045 | 5.486111628214518  | 56.09578385964418  |
|  647  |  62.0462674615322  | 5.446265824635824  | 56.60000103681515  |
|  648  | 62.09439673008063  | 5.445564424074613  | 56.648831908397185 |
|  649  | 61.973982367882364 | 5.493555149176182  |  56.4804282829089  |
|  650  | 61.773051225711136 | 5.463281392806616  | 56.309771145551636 |
|  651  | 61.90089029165415  | 5.462321763160901  | 56.43856854169797  |
|  652  | 62.15116744603866  | 5.438762695605938  | 56.71240491035657  |
|  653  | 62.28899103409205  | 5.410294478000739  | 56.87869641426282  |
|  654  | 62.91465914995242  | 5.505225460345929  | 57.40943212655874  |
|  655  | 62.34307636358799  | 5.468189717317239  | 56.87488513261844  |
|  656  | 62.020404412685295 | 5.493121702732184  | 56.52728278918144  |
|  657  | 62.14618272830278  | 5.488666911002917  | 56.65751639341697  |
|  658  | 61.988080123510116 | 5.484502522884271  | 56.50357766175881  |
|  659  | 61.95557202070187  | 5.439852360945482  | 56.51571894719051  |
|  660  | 62.10847837007963  | 5.488183525281075  | 56.620294623741735 |
|  661  | 61.70815900362455  | 5.447332981794308  | 56.26082497229943  |
|  662  | 61.70551624395908  | 5.4604048342582505 | 56.24511136177259  |
|  663  | 61.88008619650817  | 5.434106320112179  | 56.44598047501002  |
|  664  | 61.632083892822266 | 5.501332764747815  | 56.130750759809445 |
|  665  | 61.18087934053861  | 5.398481160188332  | 55.78239801260141  |
|  666  | 61.96974960718399  | 5.419367176936223  | 56.55038224049103  |
|  667  | 61.410060639992736 | 5.398770810640775  | 56.011290451441056 |
|  668  | 61.95055516952123  | 5.404823555090489  | 56.54573006263146  |
|  669  | 61.74433483808468  | 5.438634697840764  | 56.30570051926833  |
|  670  | 62.150445740528596 | 5.434358893174392  | 56.716087642571864 |
|  671  | 61.63214342948718  | 5.4511267339266265 | 56.18101611015124  |
|  672  | 61.49073705037435  | 5.506081018692408  | 55.984656125582184 |
|  673  | 61.391732013408955 | 5.438195194342198  | 55.95353756635617  |
|  674  | 61.94384495270558  | 5.422948513031006  | 56.52089624649439  |
|  675  | 61.806618104592346 | 5.364456747495211  | 56.44216023763021  |
|  676  | 61.883542104867786 | 5.411764057355049  | 56.47177786020132  |
|  677  | 62.58317313952324  | 5.4659371151068274 | 57.11723642202524  |
|  678  | 61.56434873923277  | 5.473176023043119  | 56.09117434379382  |
|  679  | 62.716581487411105 | 5.385802286588229  | 57.33078080397386  |
|  680  | 62.13394541422526  | 5.4085950518877075 | 56.725349852733125 |
|  681  |  61.7427196874374  | 5.419459844735952  |  56.3232607797476  |
|  682  | 61.972952325282954 | 5.436826664362198  | 56.53612564086914  |
|  683  | 62.469444697453426 | 5.431068468338404  | 57.03837656656901  |
|  684  | 61.75011124048478  | 5.403585096505972  | 56.346527126996946 |
|  685  |  62.0477174220941  | 5.429276193472055  | 56.618441635523084 |
|  686  | 62.430417777819514 |  5.43852149327596  | 56.991897101769084 |
|  687  | 62.01274833092323  |  5.40944676276965  | 56.60330220149113  |
|  688  | 62.79364029713166  | 5.415775108826466  | 57.37786513108473  |
|  689  | 61.96986733461038  | 5.374339585426526  | 56.59552715986203  |
|  690  | 62.33747490124825  | 5.4149373401739656 | 56.92253876123673  |
|  691  | 61.64883533966847  | 5.359166428981683  | 56.28966876690205  |
|  692  | 62.57392827743139  | 5.426770443060459  | 57.14715772971129  |
|  693  | 62.20451733711438  | 5.416954692449325  | 56.78756151248247  |
|  694  | 62.08353533622546  | 5.408668674566807  | 56.674866567758414 |
|  695  | 61.23921918820112  | 5.435293032328288  | 55.803926485501805 |
|  696  | 61.71849151220077  | 5.392517139728253  |  56.3259742580316  |
|  697  |  61.4098670685597  | 5.468738080538236  |  55.9411288647774  |
|  698  | 61.80848915686974  | 5.396294093987881  | 56.41219481639373  |
|  699  | 61.96386565770858  | 5.401031734270927  | 56.56283533732096  |
|  700  | 62.56131696652143  | 5.450418376433544  | 57.11089843358749  |
|  701  | 61.58000770764473  | 5.466383700737587  | 56.11362400152744  |
|  702  | 62.259342095790764 | 5.411037841699062  | 56.84830507327349  |
|  703  | 62.142230326334634 | 5.3889801886142825 | 56.753251260610725 |
|  704  | 62.100322617750905 | 5.417469927958953  | 56.682852509327425 |
|  705  | 61.60337730994591  | 5.392099599593725  | 56.21127911298703  |
|  706  | 62.75322350135216  | 5.4414712152725615 | 57.311752471923825 |
|  707  | 62.17174847333859  |  5.40443204781948  | 56.76731689844376  |
|  708  | 62.305846154628654 | 5.395068015074118  | 56.91077735705253  |
|  709  | 61.742054682022484 | 5.454038809262789  | 56.28801516019381  |
|  710  | 61.67963606614333  | 5.445679678794665  | 56.23395588801457  |
|  711  |  61.7540282420623  | 5.428814975053836  | 56.32521201891777  |
|  712  | 62.43658692188752  |  5.41741773263002  | 57.019168830284706 |
|  713  | 61.954385403364135 | 5.402041585873335  | 56.552343300061345 |
|  714  | 62.41992494240785  | 5.445566601875501  | 56.97435872004582  |
|  715  | 61.80089332776192  | 5.452176667726957  | 56.348716759314904 |
|  716  | 62.70091380583934  | 5.420772059024909  | 57.28014162895007  |
|  717  | 62.160284772041514 |  5.38780235241621  | 56.77248240152995  |
|  718  | 61.75683136377579  | 5.443153173006498  | 56.313678545829575 |
|  719  |  62.3137581654084  | 5.385301047105056  | 56.928457352075824 |
|  720  | 62.169674522204275 | 5.403359561333289  | 56.76631442338992  |
|  721  | 62.261369073329824 | 5.382927156106019  | 56.87844294230143  |
|  722  | 61.853653889191456 | 5.439409619844877  | 56.41424282758664  |
|  723  | 62.52559648953952  | 5.411819251133846  | 57.11377782968374  |
|  724  | 61.88386475783128  | 5.496490216866517  | 56.387374064127606 |
|  725  | 61.59116669483674  | 5.418401441329565  | 56.17276458348984  |
|  726  | 61.87983225504557  |  5.46221730256692  | 56.41761565379608  |
|  727  | 61.72581020257412  | 5.423940357306065  | 56.301868649996244 |
|  728  | 61.68178458580604  | 5.439889945494823  | 56.241895411564755 |
|  729  | 62.03327528342223  | 5.439016682062394  | 56.594259174053484 |
|  730  | 62.03123814118214  | 5.4416139940115125 | 56.589623311360675 |
|  731  | 61.77941657824394  | 5.4091448700733675 | 56.37027145776993  |
|  732  | 62.13962693434495  | 5.456458305945763  | 56.683167998485075 |
|  733  | 62.10735081599309  | 5.468606040661151  | 56.638746040539864 |
|  734  | 62.07220092382187  | 5.4547086979792665 | 56.61749224931766  |
|  735  | 61.97682709131485  | 5.458867873656444  | 56.51795965732672  |
|  736  | 61.85837607359275  | 5.488082909217248  | 56.37029375907702  |
|  737  | 62.013231263772035 | 5.463868534870636  | 56.549362429105315 |
|  738  | 61.862086154253056 | 5.4850959455049955 | 56.37698978913136  |
|  739  | 62.09205360608223  | 5.431962725321452  | 56.66009045723157  |
|  740  | 62.07241486769456  | 5.493379588004871  | 56.57903724083533  |
|  741  |  62.2045681254069  | 5.415246974260379  | 56.78932091737405  |
|  742  | 62.31010891254132  | 5.477086376777062  | 56.833023360814806 |
|  743  | 62.02910607753656  | 5.430800669743465  | 56.59830555842473  |
|  744  | 62.154834449963694 | 5.455061781467536  | 56.69977251884265  |
|  745  | 62.081529900966544 |  5.46777178593171  | 56.61375778198242  |
|  746  | 62.26318326509916  | 5.4372503319764744 | 56.82593341533954  |
|  747  | 61.77249568841396  | 5.433004297598814  | 56.339491827549075 |
|  748  | 62.491139362041764 | 5.465693127069718  |  57.0254458226913  |
|  749  | 61.815461711394484 | 5.385993782923772  | 56.429468434651696 |
|  750  | 61.97656029334435  | 5.3791283181997445 | 56.59743197710086  |
|  751  | 61.91685931083484  | 5.457974388415997  | 56.45888552934696  |
|  752  | 62.09976280016777  | 5.396836539537479  | 56.70292608016577  |
|  753  | 61.705846252441404 | 5.417152388646053  | 56.288693213829625 |
|  754  | 61.692317524445365 | 5.415748614775829  | 56.27656817313952  |
|  755  | 62.10968290671324  | 5.458207529019087  | 56.651475434914616 |
|  756  | 62.26449590438452  | 5.438017569321852  | 56.82647843972231  |
|  757  | 62.03960993840144  | 5.406212400778746  | 56.633397475022534 |
|  758  |  62.2846537115635  | 5.416319320385273  |  56.8683331650954  |
|  759  | 62.038079387958234 | 5.396383195045667  | 56.641695482302936 |
|  760  | 62.14621420835837  | 5.434361357077574  | 56.71185163057768  |
|  761  | 62.02628729013296  | 5.501143302428416  | 56.52514363606771  |
|  762  |  62.0547024223132  | 5.480326383052728  | 56.57437544602614  |
|  763  | 61.79786535801032  | 5.488595283703926  | 56.30926997649364  |
|  764  | 62.14135047325721  | 5.447734095744598  | 56.69361868442633  |
|  765  | 62.212008162278394 | 5.469680273104936  | 56.74232739962064  |
|  766  | 61.88008270654923  | 5.398871172880515  | 56.48121071448693  |
|  767  | 61.994739422920425 |  5.44663454300318  | 56.54810550396259  |
|  768  | 62.304015338604266 |  5.4163003271054   |  56.8877148828751  |
|  769  | 61.35881949791541  | 5.417684269929543  |  55.9411355082194  |
|  770  | 61.94426168588492  | 5.430526133806278  | 56.513734725560894 |
|  771  | 62.19265934088291  | 5.421865142431015  | 56.77079316750551  |
|  772  | 62.09114741398738  | 5.400585517883301  | 56.690562505477516 |
|  773  | 62.09653733864808  | 5.353402202312763  | 56.74313458564954  |
|  774  | 62.37184557401217  | 5.3997785700284515 | 56.97206571138822  |
|  775  | 62.457951378455526 | 5.381419449341603  |  57.0765303900303  |
|  776  |  62.1542891399677  | 5.414879683959178  | 56.73941034170298  |
|  777  | 61.52979021121294  | 5.431910296220046  | 56.097879239595855 |
|  778  |  61.6945875001565  | 5.417245688805213  | 56.27734105819311  |
|  779  | 62.51845545842097  | 5.393150104620518  | 57.12530563354492  |
|  780  | 61.61307897714468  | 5.407665114769569  | 56.20541287935697  |
|  781  | 61.563268522604915 | 5.391118103418595  |  56.1721499203413  |
|  782  | 61.726753477438905 | 5.384683065658961  | 56.34207050030048  |
|  783  | 61.82702279115335  | 5.363382242642916  | 56.46364138089694  |
|  784  |  61.6899599202474  |  5.4046359815353   | 56.28532429230519  |
|  785  | 61.461349107791214 | 5.430969591385279  | 56.03038062853691  |
|  786  | 61.462484138684395 | 5.3844639137463695 | 56.078021416297325 |
|  787  | 61.366758755414914 | 5.4206530835078315 | 55.946105460142476 |
|  788  | 61.932520955403646 | 5.398819261697622  | 56.53370322594276  |
|  789  | 61.655787228315305 | 5.388697342016758  | 56.26708972246219  |
|  790  | 61.36218032445663  | 5.390860992822891  | 55.97131954877805  |
|  791  | 61.62703912197015  | 5.4152425770881845 | 56.211796268560946 |
|  792  | 61.46730858435998  | 5.4442393650152745 | 56.02306853074294  |
|  793  | 61.296702775221604 | 5.380786311809834  |  55.9159166384966  |
|  794  | 61.572549907977766 | 5.379673871749486  | 56.19287614871294  |
|  795  | 60.842726432604664 | 5.403449215522179  | 55.43927725767478  |
|  796  | 61.948107284154645 | 5.365631536826109  | 56.58247479561048  |
|  797  | 61.907405137282154 | 5.391224085489909  | 56.516180329934144 |
|  798  | 61.71313169821715  | 5.387605906755496  | 56.325525837433645 |
|  799  | 61.959370649288864 |  5.3995785791446   | 56.559791862292165 |
|  800  | 62.35367629613632  | 5.371027352259709  | 56.98264833107973  |
|  801  |  61.7267689083784  | 5.369349024846003  | 56.35741978963216  |
|  802  | 61.690546413323816 | 5.3326103190886665 | 56.35793512980143  |
|  803  | 61.66466630984576  | 5.351083727616531  | 56.313582881047175 |
|  804  | 61.99356387798603  | 5.339283464382857  |  56.6542803915953  |
|  805  | 61.38234820634891  | 5.364428732456305  | 56.01791991013747  |
|  806  | 61.81230025853866  | 5.374624166244115  | 56.43767606295072  |
|  807  | 62.007667557153944 | 5.338331771263709  | 56.66933530367338  |
|  808  | 61.12644509731195  | 5.389067877255953  | 55.737377072847806 |
|  809  | 61.52415556687575  |  5.34340439038399  | 56.180750677646735 |
|  810  | 61.75012223463792  | 5.397575247348883  | 56.352546770144734 |
|  811  | 61.87114555554512  | 5.3307048968779736 | 56.540440129989236 |
|  812  | 61.67812879122221  | 5.374040851593017  |  56.3040891011556  |
|  813  | 61.96181779127855  | 5.357175956628262  | 56.60464095286834  |
|  814  | 61.46980194874299  | 5.376876820295285  | 56.09292446038662  |
|  815  |  61.4783771886581  | 5.386419196495643  | 56.09195780436198  |
|  816  | 61.79111748328576  | 5.288915745661809  | 56.50220111553485  |
|  817  | 61.85443560086764  | 5.368107988895514  | 56.48632891532702  |
|  818  | 61.53617906619341  | 5.353656570238945  | 56.18252279428335  |
|  819  | 60.79215192354643  | 5.402463255662185  | 55.38968895154122  |
|  820  | 61.489301448724206 | 5.3572580405993335 | 56.13204328879332  |
|  821  | 61.91870865259415  | 5.3754177362490925 | 56.54329076913687  |
|  822  | 62.13725060487405  | 5.348737968053573  | 56.78851202549078  |
|  823  | 62.27716345762595  | 5.338714897938264  | 56.93844791901417  |
|  824  | 61.496769456129805 |  5.34255435356727  | 56.15421570997972  |
|  825  | 61.12740248068785  | 5.343488909403483  | 55.783914532783704 |
|  826  | 61.76207888480945  | 5.366515843318059  | 56.39556363619291  |
|  827  | 62.565902537810494 | 5.291397693340595  | 57.27450362767929  |
|  828  | 61.68346225053836  | 5.373303338075296  | 56.31015888311924  |
|  829  | 61.64697483551808  | 5.3541333804986415 | 56.292840525309245 |
|  830  | 62.181658466045675 |  5.34437580157549  | 56.83728154891576  |
|  831  | 61.47516861353165  | 5.416046382219363  | 56.05912315564278  |
|  832  | 61.65256902841421  | 5.364491550738995  | 56.28807842939328  |
|  833  | 62.34313248071915  | 5.339974883641952  | 57.003157473833134 |
|  834  |  61.744926562187   | 5.3524032949789975 | 56.39252332638472  |
|  835  | 62.16768939287235  | 5.375283289200221  | 56.79240657317333  |
|  836  | 61.84101316794371  | 5.385574170626127  |  56.455440626878   |
|  837  | 61.49620747101613  | 5.372772634457319  | 56.12343469081781  |
|  838  | 61.36420713375776  | 5.354451938531338  | 56.00975617628831  |
|  839  | 62.011883302346256 | 5.404099060938909  | 56.60778573843149  |
|  840  | 62.04355548173953  | 5.399726715576954  | 56.643828911414516 |
|  841  | 61.17418503590119  | 5.348899713662955  | 55.82528448251578  |
|  842  | 61.68341814872546  | 5.3642564294277095 | 56.31916109133989  |
|  843  | 61.46259108323317  | 5.3913705683977176 | 56.07121947850936  |
|  844  | 61.59784725873898  |  5.35204908028627  | 56.245798762394834 |
|  845  | 61.840823614658454 | 5.370695208035983  | 56.47012912456806  |
|  846  | 61.57767102363782  | 5.343380022782545  | 56.234290728446766 |
|  847  | 61.741722920735675 | 5.422150558080428  | 56.319573739858775 |
|  848  | 61.83333060240134  | 5.4167275477678345 | 56.41660270886543  |
|  849  | 62.004205204890326 | 5.378222190172244  | 56.62598283816607  |
|  850  | 61.74899621816782  | 5.3315155161344085 | 56.41748102432642  |
|  851  | 61.73887939844376  | 5.336627125862317  | 56.40225150866386  |
|  852  |  61.7120717170911  | 5.339335656777406  | 56.37273610824194  |
|  853  | 62.054798822647484 |  5.34664728311392  | 56.708150869516224 |
|  854  | 61.46764837802985  |  5.33609026199732  | 56.13155865009014  |
|  855  | 62.115779951046676 | 5.397264520204984  | 56.71851579715044  |
|  856  | 61.58515330779247  | 5.311643008696727  | 56.27351147382687  |
|  857  | 61.41259752713717  | 5.377732232900766  | 56.03486566788111  |
|  858  | 61.355970721122546 | 5.389954256889148  | 55.96601665790264  |
|  859  | 61.68388939099434  | 5.366989970084949  | 56.31689796643379  |
|  860  | 61.05313430786133  | 5.4303927719898715 | 55.62274123754257  |
|  861  | 61.39616227761293  | 5.3469814897194885 | 56.049180583464796 |
|  862  | 61.587867728991384 | 5.397010226127429  | 56.190858314709786 |
|  863  | 61.58542791904547  | 5.361647156446408  | 56.22378051757813  |
|  864  | 61.89077736879006  | 5.378572488931509  | 56.512205579708784 |
|  865  | 61.96784102611053  | 5.398627795194968  | 56.56921444623898  |
|  866  | 62.67320154434595  | 5.355471007029215  | 57.317730771578276 |
|  867  | 61.863544616699215 | 5.373885021209717  | 56.489659619453626 |
|  868  | 61.68364260942508  | 5.391227936377892  | 56.29241428081806  |
|  869  | 61.24126658512996  | 5.370195318368765  | 55.87107167170598  |
|  870  | 61.51689607277895  | 5.3411351976639185 | 56.175760396321614 |
|  871  | 61.19368204752604  | 5.406883067106589  | 55.78679951985677  |
|  872  |  61.7257104296562  | 5.355810720492632  | 56.36989902985402  |
|  873  | 61.46036621876252  | 5.330233382689647  |  56.1301325010642  |
|  874  | 61.76828060052334  |  5.38139095110771  |  56.3868901961889  |
|  875  | 61.81396303617037  | 5.346136211004013  |  56.4678264441857  |
|  876  | 61.32400195782001  |  5.37996081376687  | 55.944040022629956 |
|  877  | 61.264503983717695 | 5.371391348227476  | 55.89311283991887  |
|  878  |  62.0808928113106  | 5.369685289920905  | 56.71120806963016  |
|  879  | 61.396767844175685 | 5.352669355441362  | 56.04409923455654  |
|  880  | 61.487042823204625 | 5.3528992129594855 | 56.13414327376928  |
|  881  | 61.71249997261243  | 5.381695357102614  | 56.330804834610376 |
|  882  | 61.676775442270134 | 5.374378528594971  | 56.30239792652619  |
|  883  | 62.039159448085684 | 5.368734228672126  | 56.67042584541517  |
|  884  | 62.31358655098157  | 5.425892713986911  | 56.88769311366937  |
|  885  | 61.70349443484575  | 5.386434130546374  | 56.317060331686946 |
|  886  | 61.81054395626753  | 5.369454332498404  | 56.441089426676434 |
|  887  | 61.272184280004254 | 5.393246460939065  | 55.87893798828125  |
|  888  | 62.06960284893329  | 5.346796521406907  | 56.72280641213442  |
|  889  | 61.41276804214869  | 5.376128546396891  | 56.036638958270736 |
|  890  | 61.11765878139398  | 5.384773780138064  | 55.73288394243289  |
|  891  | 61.875403751471104 |  5.33308565335396  | 56.54231791960888  |
|  892  | 61.891585094745345 | 5.365636850014711  | 56.525948603703426 |
|  893  | 61.62321447519156  | 5.3542889761313415 | 56.26892542521159  |
|  894  | 61.60131001007863  | 5.362685341957288  | 56.23862434974084  |
|  895  | 61.53106561514048  | 5.367021665328588  | 56.164044271615836 |
|  896  | 61.41617657392453  | 5.397146695943979  | 56.019029947916664 |
|  897  |  61.9500244923127  |  5.31099082897871  | 56.63903326572516  |
|  898  | 61.79151385185046  | 5.355613764738425  | 56.43590024899214  |
|  899  | 61.847217493301784 | 5.382415794470371  | 56.46480192918044  |
|  900  | 61.73248715131711  | 5.307542048234206  | 56.424944594945664 |
|  901  | 61.63923652062049  | 5.380558153299185  | 56.25867761073968  |
|  902  | 61.439730678460535 | 5.351904959556384  | 56.087825665596206 |
|  903  | 61.20674697875977  | 5.325288486969777  | 55.88145799294496  |
|  904  | 61.86233709873297  | 5.350986356001634  | 56.51134957729242  |
|  905  |  61.8496627338116  | 5.311609903482291  | 56.538052681164864 |
|  906  | 61.501938159649185 | 5.317779356149527  | 56.18416038708809  |
|  907  | 62.00206661517804  | 5.362584058321439  | 56.639481588510364 |
|  908  | 61.476851904453376 |  5.32951974819868  | 56.14733251327123  |
|  909  | 61.735626889742335 | 5.341017679556822  | 56.39460904634916  |
|  910  | 61.559529430682844 | 5.317448705526498  | 56.24208021506285  |
|  911  | 61.18293518848908  |  5.33066223242344  |  55.8522728122809  |
|  912  | 61.68018961197291  | 5.336259512779041  | 56.34393004197341  |
|  913  | 61.721421880477514 | 5.303216945452568  | 56.41820494040465  |
|  914  | 61.21415567642603  | 5.296335897201147  | 55.91782003158178  |
|  915  | 61.166253036107776 | 5.406982096647605  | 55.75927110720903  |
|  916  | 61.95598571777344  | 5.296678624275403  | 56.65930705143855  |
|  917  |  61.4286555089706  | 5.292184357276329  | 56.13647104116586  |
|  918  | 61.43582877525917  | 5.296452914506961  | 56.13937555166391  |
|  919  | 61.59165850908328  | 5.265678251217573  | 56.32598019330929  |
|  920  | 61.20119221222706  |  5.30963741791554  | 55.89155457716722  |
|  921  | 61.864471893310544 | 5.2623999737470575 | 56.602071310190055 |
|  922  | 61.44042311057066  | 5.340267761915158  | 56.100155197534804 |
|  923  | 61.30267618815104  | 5.297272022932003  | 56.00540433052259  |
|  924  | 61.37715162619566  | 5.3084670595022345 | 56.06868483714568  |
|  925  | 61.05991389347957  | 5.321205277076134  | 55.73870862911909  |
|  926  | 61.660554856520434 | 5.316217655768761  | 56.34433675521459  |
|  927  | 61.524118891006864 | 5.307549974979499  | 56.21656919039213  |
|  928  | 61.13585982885116  | 5.286828760489439  | 55.84903021787986  |
|  929  | 62.07729101719001  |  5.33914259837224  | 56.738146671392975 |
|  930  | 61.40380626580654  | 5.3383303461319365 | 56.06547613681891  |
|  931  | 61.681334737141924 | 5.284159862322685  | 56.397173696664666 |
|  932  | 61.502443597255606 | 5.341172568003336  | 56.16127124492939  |
|  933  | 61.32990899501703  | 5.322397696666228  | 56.007511440179286 |
|  934  | 60.89384246826172  | 5.348442560342642  | 55.54539969811073  |
|  935  | 61.484564005533855 | 5.281884493705554  | 56.20268020238632  |
|  936  | 61.676490153777294 | 5.243024063599416  | 56.43346638997396  |
|  937  | 61.51633167364658  | 5.247906655531663  | 56.268426259358726 |
|  938  | 61.388267986591046 | 5.258690821329752  | 56.129575977814504 |
|  939  | 61.56530551225711  |  5.28978735263531  | 56.275519100091394 |
|  940  | 61.446231720753204 | 5.3546263944185695 |  56.0916057019356  |
|  941  | 61.52969705434946  | 5.3029281220069295 | 56.22676871666541  |
|  942  | 61.508395624405296 | 5.330651904864189  | 56.17774345984826  |
|  943  | 61.370980267646985 | 5.288940765185234  | 56.08203851944361  |
|  944  | 61.36987347333859  | 5.368984545194186  | 56.00088855058719  |
|  945  | 61.50149717673277  | 5.284105135110709  | 56.21739203819862  |
|  946  | 62.03256592970628  | 5.285689951089712  | 56.746876025077626 |
|  947  | 61.00055440658178  |  5.31350950779059  | 55.687044180845604 |
|  948  | 61.932184299566806 | 5.278091719211676  | 56.65409362010467  |
|  949  | 61.53121708014073  | 5.2795940237778884 | 56.251622971754806 |
|  950  | 61.431824552095854 | 5.325315350752611  |  56.1065086325621  |
|  951  |  62.1209449611566  | 5.319907010396322  | 56.80103758983123  |
|  952  | 61.574351356701975 | 5.319259884174054  | 56.25509271866236  |
|  953  | 61.01875724596855  | 5.340310236612956  | 55.67844776251377  |
|  954  | 61.51202265421549  | 5.297464366815029  | 56.21455803504357  |
|  955  | 61.48090641119541  | 5.263572047796005  | 56.217335263765776 |
|  956  | 61.258061171311596 | 5.269098798311673  |  55.988963087033   |
|  957  | 61.32112624339568  | 5.295460123893542  | 56.02566600701748  |
|  958  | 61.330423044057994 | 5.304457381810898  |  56.0259661317483  |
|  959  | 61.04173570681841  | 5.298126868223533  | 55.74360980694111  |
|  960  |  61.583674022968   | 5.245542404957306  | 56.33813082572741  |
|  961  | 61.239249107165215 | 5.243936521579058  | 55.99531214396159  |
|  962  | 61.64831599308894  | 5.3401374005048705 | 56.30817853878706  |
|  963  | 61.436173303066155 | 5.386697534903502  | 56.04947654137245  |
|  964  | 61.681797731839694 | 5.311431427491017  | 56.37036585489909  |
|  965  | 61.83687903771034  | 5.287189666063358  | 56.549689303667115 |
|  966  | 61.55405239789914  | 5.291120855380327  | 56.26293110774114  |
|  967  | 61.52596435155624  | 5.300834450844007  | 56.22513020442082  |
|  968  | 61.354682910625755 | 5.3332960109221625 | 56.02138638227414  |
|  969  | 60.992144352839546 | 5.324003737523006  | 55.66814109606621  |
|  970  | 61.43863907642854  | 5.349702186584473  | 56.08893656804011  |
|  971  | 61.85622697096605  | 5.334650792341966  | 56.521576092059796 |
|  972  | 61.90457908043495  | 5.3325038244785405 | 56.57207500751202  |
|  973  | 61.397196686573515 | 5.317985470600617  | 56.079210893679885 |
|  974  | 61.20946388831506  | 5.364332198118552  | 55.84513189462515  |
|  975  | 61.75924456474109  | 5.270742392417712  | 56.48850214640299  |
|  976  | 61.86399748973357  | 5.327091601445125  | 56.536904864188955 |
|  977  | 61.39610290918595  | 5.311275295355381  | 56.08482778304663  |
|  978  | 61.84872449825971  | 5.3816106742467635 |  56.4671133579352  |
|  979  | 61.01266117585011  | 5.331628716297638  |  55.6810326952812  |
|  980  | 61.77188646365435  | 5.324725736471323  | 56.447160394130606 |
|  981  | 61.429988540258165 | 5.369890104929606  | 56.060097757975264 |
|  982  | 61.20648243830754  | 5.311353270701873  | 55.895130141820665 |
|  983  | 61.54013157771184  | 5.318717390207144  | 56.221414669721554 |
|  984  | 61.23774922688802  | 5.313662240933149  | 55.924086413261215 |
|  985  | 62.02735216972155  | 5.2764036628527515 | 56.75094770773863  |
|  986  | 61.778109146509415 | 5.350182299491687  | 56.42792725000626  |
|  987  |  61.3916780090332  | 5.327921020312187  | 56.06375732030624  |
|  988  | 60.85649920341296  | 5.317738257677127  | 55.538760579427084 |
|  989  | 61.56679193741236  | 5.375942493829972  | 56.19084904597356  |
|  990  | 61.162295970427685 | 5.419601534329928  | 55.74269483908629  |
|  991  | 62.163504290458484 | 5.311851724477915  | 56.85165341499524  |
|  992  | 61.17908761048928  | 5.357077335455479  | 55.822010994935646 |
|  993  | 61.83072366959009  |  5.30658965917734  | 56.52413466233474  |
|  994  | 61.029190188676885 | 5.343408018747965  | 55.685782427665515 |
|  995  | 62.35565069736578  | 5.339170319972894  | 57.016479922563605 |
|  996  | 61.09050323877579  | 5.302518424987793  | 55.78798480302859  |
|  997  | 61.31155764457507  | 5.395582296420367  |  55.9159756665352  |
|  998  | 61.20497605935121  | 5.330930948501978  | 55.87404511280549  |
|  999  | 60.93858230982071  | 5.277488452715751  | 55.66109444642678  |
|  1000 | 61.31587395301232  | 5.319840289873954  | 55.99603325085762  |
+-------+--------------------+--------------------+--------------------+