+-------+--------------------+--------------------+--------------------+
| Epoch |     total_loss     |      dt_loss       |     type_loss      |
+-------+--------------------+--------------------+--------------------+
|   1   | 108.79374933163382 | 20.385042439691514 | 88.40870948590013  |
|   2   | 106.37727365214684 | 17.401984329822657 | 88.97529164581336  |
|   3   | 105.56809655933075 | 17.195917789351224 | 88.37218058021358  |
|   4   | 105.4963517371683  | 16.70099765324689  | 88.79535567224409  |
|   5   | 105.13130536511657 | 16.633765282586673 | 88.49753780759802  |
|   6   | 105.19698042396475 | 16.419337423534696 |  88.7776448106641  |
|   7   | 104.55554255127709 |  16.1539085459885  | 88.40163840948047  |
|   8   | 105.1838216697662  | 16.127773612560386 | 89.05605084539282  |
|   9   | 103.31864871656558 | 16.01520269585881  | 87.30344375621243  |
|   10  |  103.301000008321  | 15.952563909130836 | 87.34843921684067  |
|   11  | 102.52425199731486 | 15.940033827569977 | 86.58422202256189  |
|   12  | 102.8841663953267  | 15.849928786690509 | 87.03423449098568  |
|   13  | 103.23241573409072 | 15.84859631261796  | 87.38382320145384  |
|   14  | 101.60416522719251 | 15.777902021823314 | 85.82626450234812  |
|   15  | 103.34566345142235 | 15.764593472686121 | 87.58107098096784  |
|   16  | 101.27342619477298 | 15.599651910054408 |  85.6737751621534  |
|   17  | 100.07014736163738 | 15.647452077382297 | 84.42269644599968  |
|   18  | 100.39730615318601 | 15.463811478897302 | 84.93349214272926  |
|   19  |  99.4147370760707  | 15.519408577713206 |  83.8953294520318  |
|   20  | 99.47138386194744  | 15.527132230346156 | 83.94424912432049  |
|   21  | 99.32900877178155  | 15.379475203974032 | 83.94953119576105  |
|   22  | 97.98549873194126  | 15.389446947196255 | 82.59605283553391  |
|   23  | 98.74212629602773  | 15.281274354205426 |  83.4608523822415  |
|   24  | 98.53129728118947  | 15.190581945927121 |  83.3407163617726  |
|   25  | 97.52548533441225  | 15.090831937433679 |  82.4346546315591  |
|   26  | 96.09362999904505  | 15.093745021289115 | 80.99988651752132  |
|   27  | 97.31349092275224  | 15.03655243214896  | 82.27693823397571  |
|   28  | 94.54800321191883  | 14.889987064718264 | 79.65802028092378  |
|   29  | 94.59478926221841  | 14.887182644597411 | 79.70760349997049  |
|   30  | 95.45876793835295  | 14.863637310421073 |  80.5951258595603  |
|   31  | 93.02841619273296  | 14.856971704871944 | 78.17144467165264  |
|   32  |  91.7142781183432  | 14.749878417075658 | 76.96439588657027  |
|   33  |  92.3425362165162  | 14.811582809682406 | 77.53095453386219  |
|   34  |  91.8294532407388  | 14.663855962006783 | 77.16559595747445  |
|   35  | 92.07538458610642  | 14.704338670712893 | 77.37104208685516  |
|   36  | 88.96275124469315  | 14.672677697665685 | 74.29007057845239  |
|   37  | 90.09739557085166  | 14.647297586908007 | 75.45009880238365  |
|   38  | 89.45447436270759  | 14.640051559695113 | 74.81442341338219  |
|   39  | 89.15582279565645  | 14.54465954331537  | 74.61116624859835  |
|   40  | 88.61148911194094  | 14.597427612538851 | 74.01406492223747  |
|   41  | 86.33933276753467  | 14.568525747035533 | 71.77080862266291  |
|   42  | 86.68979787996716  | 14.525421914502946 | 72.16437847274501  |
|   43  | 87.14523255527232  | 14.49138959543835  | 72.65384215183154  |
|   44  |  87.6244576703983  | 14.536434239385924 |  73.088020826617   |
|   45  | 85.45041459905174  | 14.61575706340346  | 70.83465692527857  |
|   46  | 84.03025993948008  | 14.599899445151875 | 69.43036307444494  |
|   47  | 83.46651842478994  | 14.573850529380506 | 68.89266805492241  |
|   48  | 84.16808837701842  | 14.541825810472597 |  69.6262616128715  |
|   49  | 82.81361122503469  | 14.550332862423796 | 68.26328199351654  |
|   50  | 83.85526937284612  | 14.509926352136736 | 69.34533740961918  |
|   51  |  83.7450030951054  | 14.523442364578555 | 69.22156274883118  |
|   52  | 81.98003042739771  | 14.51343605219396  | 67.46659219738645  |
|   53  |  82.2788338780318  | 14.531352451577687 | 67.74748169351923  |
|   54  | 81.42969510761182  | 14.452616039696348 | 66.97707910603522  |
|   55  | 80.87675231744811  | 14.467930644686778 | 66.40882640641671  |
|   56  | 82.29220291526154  | 14.491122295480384 | 67.80107862575548  |
|   57  | 80.53872930439148  | 14.48644359560487  | 66.05228778948933  |
|   58  | 80.64756848963562  | 14.358537535085413 | 66.28902974424832  |
|   59  | 80.20558880069214  | 14.515413549097838 | 65.69017844208076  |
|   60  | 80.06253433862868  |  14.4644538310775  | 65.59808076417875  |
|   61  | 78.97312792737853  | 14.424559326816281 | 64.54856523672173  |
|   62  |  79.548677261574   |  14.4062122841435  | 65.14246158931132  |
|   63  | 79.27197830886351  | 14.410243783370387 | 64.86172737123397  |
|   64  | 78.00139942845361  | 14.477282533185017 | 63.52411812984912  |
|   65  | 79.19307477480453  |  14.3854090488442  | 64.80766412379654  |
|   66  | 77.79013353593288  | 14.461137371122227 | 63.32899972288035  |
|   67  | 77.97050568650741  | 14.343604865426991 | 63.62690417107984  |
|   68  | 76.91080763837482  | 14.404431337859839 | 62.50637633863472  |
|   69  | 76.94890476129692  | 14.459613309710926 | 62.48929379935382  |
|   70  | 77.04284336508498  | 14.449548466501138 | 62.59329492286248  |
|   71  | 78.22373018666389  | 14.418194666664402 | 63.80553611993166  |
|   72  | 75.49644194482026  | 14.414173147322705 | 61.08226724389108  |
|   73  | 76.34803490794161  | 14.450561601038409 | 61.89747339358025  |
|   74  | 76.75140287919808  | 14.41894473684648  | 62.33245783716674  |
|   75  | 76.35597465164798  | 14.364773032837132 | 61.99120215634463  |
|   76  | 75.46296470800014  | 14.424087278224047 | 61.03888177156959  |
|   77  | 75.50936155752599  | 14.337895852850643 | 61.17146760158643  |
|   78  | 77.52684548319223  | 14.437737797091128 | 63.08910923970758  |
|   79  | 76.38434431651022  | 14.42938648517036  | 61.95495429754881  |
|   80  | 76.16252662464463  | 14.438420317951849 | 61.72410674711196  |
|   81  | 76.57382900102803  | 14.32890757225594  | 62.24492196630587  |
|   82  | 76.39293550849386  | 14.425822412062905 | 61.96711326978503  |
|   83  |  75.899021131437   | 14.38607581150183  |  61.5129404406079  |
|   84  |  76.0366128707766  |  14.3635254326021  | 61.673089137452855 |
|   85  | 76.53114519974687  | 14.387229026342442 | 62.143915476357684 |
|   86  | 76.10922689571738  | 14.340020499228297 | 61.76920924707449  |
|   87  |  74.8176972858684  | 14.351106091167368 | 60.466589592537254 |
|   88  | 77.37615545119894  | 14.392924489164932 |  62.983229238477   |
|   89  | 77.05466690263151  | 14.412017346222628 | 62.64264844322159  |
|   90  | 76.24267752386687  | 14.278756884543805 | 61.96392224148685  |
|   91  | 74.31901123714879  | 14.281439586732889 | 60.037571282832644 |
|   92  | 76.47686850352427  | 14.322584169466326 | 62.154283491339314 |
|   93  | 75.04063085882318  | 14.315734176445144 | 60.724898322661545 |
|   94  |  75.2786848988103  | 14.340215951636834 | 60.93846866626726  |
|   95  | 75.33686778694569  | 14.356053088694393 | 60.980814673972645 |
|   96  | 74.91797812927231  | 14.376330873497094 | 60.54164677723629  |
|   97  | 75.16033543821122  | 14.436105950060783 |  60.7242319087542  |
|   98  | 75.74901902105535  | 14.305347965185113 | 61.44367042122187  |
|   99  | 76.43229131451284  | 14.376230501941405 | 62.056058794267116 |
|  100  | 75.05439179788281  | 14.37292415824017  | 60.68146673452562  |
|  101  | 76.09933104277962  | 14.384473646364977 |  61.7148583743676  |
|  102  | 76.18719527984045  | 14.427428071509649 | 61.759767818700524 |
|  103  | 76.64627959210334  | 14.410102863978864 | 62.23617452602854  |
|  104  | 75.97718555995915  | 14.430263126290699 | 61.54692071011144  |
|  105  | 74.65486301673528  | 14.372040206297449 | 60.28282245669568  |
|  106  | 75.52155104643272  | 14.372187529806009 | 61.14936347850697  |
|  107  | 76.64593371169612  | 14.38315891589887  | 62.262774601568076 |
|  108  | 76.11420497308876  | 14.320839024202726 | 61.79336401725876  |
|  109  | 76.79077679572603  | 14.344026390836262 | 62.446749107910854 |
|  110  |  75.1580493626582  | 14.416643644837064 | 60.74140332149603  |
|  111  | 76.46113872142341  | 14.398423550442631 | 62.06271349598106  |
|  112  | 76.35719542193634  | 14.397624887116546 | 61.95957386054058  |
|  113  | 75.96176212809071  | 14.337284126481412 | 61.624477744981725 |
|  114  | 75.38268283296703  | 14.31514400270704  | 61.06753687435407  |
|  115  | 76.04017072628147  | 14.403416616134407 | 61.63675588226137  |
|  116  | 76.33146573996333  | 14.456698328717504 | 61.874766689920435 |
|  117  | 74.87011280735986  | 14.427013082728907 | 60.44310097305258  |
|  118  | 74.96461019395733  | 14.45080468633644  | 60.51380427304036  |
|  119  |  75.1147630298078  | 14.33906317381186  | 60.77569679734028  |
|  120  | 75.90483866366436  | 14.391693842005452 | 61.51314345184406  |
|  121  | 74.26487871524466  | 14.30015842874306  | 59.96472446878212  |
|  122  |  75.5529770307702  | 14.346273392289984 | 61.20670322233968  |
|  123  | 75.65422905634449  | 14.45097651834463  | 61.20325080060176  |
|  124  | 76.26626179395844  | 14.33715789771324  | 61.92910142708415  |
|  125  | 75.60701385396395  | 14.383553170034666 | 61.22346107579117  |
|  126  | 75.91743652939144  | 14.449782486107132 | 61.46765502123727  |
|  127  | 73.81948978878786  | 14.324067246026152 |  59.4954226537174  |
|  128  | 75.90637869225665  | 14.413155856598793 | 61.493221184936786 |
|  129  | 75.87348356389897  | 14.392982873864439 | 61.48049839082401  |
|  130  | 73.26005266667434  | 14.337299919400701 | 58.92275323625012  |
|  131  | 76.03075521298031  | 14.327005532024419 | 61.703749816190225 |
|  132  | 75.97816966472284  | 14.377441057953527 | 61.600732397187926 |
|  133  | 73.21325521312554  | 14.346917319632473 | 58.86633775825872  |
|  134  | 74.49748943545777  | 14.336410936105544 | 60.16108167940113  |
|  135  | 74.13878478749774  | 14.322004719175329 | 59.81678004404377  |
|  136  | 73.05748259757435  | 14.244893358345404 | 58.81258827171353  |
|  137  | 72.89852170288464  | 14.350889782720653 | 58.547630061372644 |
|  138  | 74.82078218244524  | 14.371074955150851 | 60.44970397440955  |
|  139  | 72.35314944492134  | 14.256016538394453 | 58.09713245567015  |
|  140  |  73.6701346521516  | 14.253241902500454 | 59.41689383855979  |
|  141  | 71.99016829170047  | 14.373574363541495 | 57.61659775669734  |
|  142  | 72.08944467802772  | 14.289955254880809 | 57.79949169807879  |
|  143  | 72.58291256759611  | 14.370457603396503 | 58.21245507515529  |
|  144  |  72.3578663748161  | 14.317313384873623 | 58.040552500965994 |
|  145  | 71.26065471357826  | 14.360884324272785 | 56.899771759120334 |
|  146  | 71.21445107488385  | 14.311309967385908 | 56.90314189122173  |
|  147  | 71.13278953739214  | 14.304841940782481 | 56.827945921609945 |
|  148  | 72.25353172895825  | 14.326924384845713 | 57.92660703892768  |
|  149  | 70.27807601213512  | 14.329868117883153 | 55.948205705997125 |
|  150  | 70.40271847434705  | 14.21235893874857  | 56.190360024574964 |
|  151  | 70.49389052317309  | 14.323174949943693 | 56.17071369015941  |
|  152  |  69.945940074426   | 14.23198853768878  | 55.713952625645874 |
|  153  | 70.76692345651195  | 14.264400713165232 | 56.50252637425236  |
|  154  |  68.926760488143   | 14.309148169687013 |  54.6176118780368  |
|  155  | 67.17507191598345  | 14.273824288565404 | 52.90124518253563  |
|  156  | 68.40624009975785  | 14.243211122005007 | 54.16303155786958  |
|  157  | 67.96789214419887  | 14.26219703389326  | 53.70569334862886  |
|  158  | 68.17529026134055  | 14.24079055590996  | 53.93449944880302  |
|  159  | 68.10500175771956  | 14.256793644778252 | 53.848209579870755 |
|  160  | 69.13474114577089  | 14.155441286221818 | 54.97929979715068  |
|  161  | 66.41324206871161  | 14.192262614139228 | 52.22098066487427  |
|  162  | 65.97022880465254  | 14.207680635726824 |  51.7625468233895  |
|  163  |  66.7154352468109  | 14.198628753700229 | 52.51680670118094  |
|  164  | 66.69290090339001  | 14.153782332195942 |  52.5391191468476  |
|  165  | 66.90191190412378  | 14.165594103674987 |  52.736315952095   |
|  166  | 67.06192975040847  | 14.158964394672184 |  52.9029648667598  |
|  167  | 66.13437596951216  | 14.219788637099992 | 51.91458730813353  |
|  168  | 65.44962274304974  | 14.09891371508028  | 51.35070786622488  |
|  169  | 65.99215399456001  | 14.12661248310787  | 51.865540606335124 |
|  170  |  65.8144925353699  | 14.050184614284532 | 51.764307553502114 |
|  171  | 66.28508549430896  | 14.127357766539205 | 52.15773056451406  |
|  172  |  64.8741386644108  | 14.16105045615393  | 50.71308932144416  |
|  173  | 64.54831741935662  | 14.20317492007415  | 50.34514361246977  |
|  174  | 64.70682396572202  | 14.010478380490506 | 50.69634551239558  |
|  175  | 64.01157061667378  |  14.0747535368842  | 49.93681554002419  |
|  176  | 63.368909170988935 | 14.068214440782553 | 49.30069475448503  |
|  177  | 63.57076996869766  | 14.034510162992476 |  49.5362615292622  |
|  178  | 64.47960432761911  | 14.07044335736736  | 50.409160921694465 |
|  179  | 63.63051291553571  | 14.08026205480822  | 49.550250371751005 |
|  180  | 63.66318372190495  | 14.033600953315627 | 49.629581728237966 |
|  181  | 64.11577207396037  | 14.058781352237155 | 50.05699169967619  |
|  182  | 62.85065189010326  | 13.945045934300918 | 48.90560686091936  |
|  183  | 63.63514532488129  | 13.915441531440687 | 49.71970255886008  |
|  184  | 63.520752062038554 | 13.95726719465308  | 49.563487215153295 |
|  185  | 63.05413915655484  | 13.974632886486793 |  49.0795076884402  |
|  186  | 63.59849971650528  | 13.97838057083032  | 49.62011936758633  |
|  187  | 63.366162233173405 | 13.930040594341923 | 49.43612264106309  |
|  188  | 62.88378158104638  | 13.989081053287961 | 48.89470222703678  |
|  189  | 62.75531815540896  | 13.892596403417377 | 48.86272175199158  |
|  190  | 62.39871160455922  | 13.890971864032768 | 48.50773883540943  |
|  191  | 62.398546478903185 | 13.867209260928298 | 48.53134083844298  |
|  192  | 62.77935393481149  | 13.955942570525012 | 48.82341150995836  |
|  193  | 62.669530998772736 | 13.866300490763027 | 48.80323083747321  |
|  194  | 61.845749431413154 | 13.838159482648706 | 48.00759041346228  |
|  195  | 62.30222920851852  | 13.811913662288067 | 48.49031668369639  |
|  196  | 61.440821817140765 | 13.902157925322825 | 47.538663427120106 |
|  197  | 61.46825549070988  | 13.77237025425884  | 47.69588579826346  |
|  198  | 61.55541655100047  | 13.73526146194636  | 47.820155418517615 |
|  199  | 61.225744510190474 | 13.648263632896654 |  47.5774810368068  |
|  200  | 61.51507998567917  | 13.71417055418172  |  47.8009080616826  |
|  201  | 61.795833751016815 | 13.723618662813973 | 48.072212861828255 |
|  202  |  60.9589725596945  | 13.650173364013483 | 47.30879885237642  |
|  203  |  60.970969369631   | 13.639303074205259 | 47.33166781091248  |
|  204  | 61.267463799348874 | 13.673953941031181 | 47.59351078771336  |
|  205  | 61.98628174416258  | 13.581378969895452 | 48.40490109926741  |
|  206  | 60.88483562011138  | 13.618504330001784 |  47.266332011435   |
|  207  | 61.44556416564404  | 13.629612511973594 | 47.81595348818314  |
|  208  | 62.659164517657004 | 13.579679943622931 |  49.0794854791511  |
|  209  | 60.668740711125935 | 13.590817637083902 |  47.0779232821123  |
|  210  | 61.61083971668418  | 13.478361739449747 | 48.132475300003115 |
|  211  | 60.938311995933546 | 13.47778627221822  | 47.46052623697045  |
|  212  | 60.79270940322749  | 13.490623924524025 | 47.30208531919049  |
|  213  | 60.516854812836264 | 13.479615140466102 | 47.03724204441663  |
|  214  | 61.22557559343511  | 13.453129026624891 | 47.77244791234643  |
|  215  | 60.59091295073947  | 13.417193785809689 | 47.17372030239573  |
|  216  | 60.540016209713315 | 13.376631897629768 | 47.163385657619756 |
|  217  | 60.64555846184116  | 13.46110231842905  | 47.18445572727157  |
|  218  |  61.8022777367682  | 13.358216371928798 | 48.44406092442021  |
|  219  | 60.61174968308334  | 13.48758397203328  | 47.12416628670358  |
|  220  | 61.95331672506902  | 13.492605601666288 | 48.46071114768138  |
|  221  | 60.76607097468715  | 13.409838625399408 | 47.356233511032336 |
|  222  | 60.301236516828624 | 13.391012497411126 | 46.910224789300194 |
|  223  | 60.552277749474776 | 13.36253662390735  | 47.18974154170797  |
|  224  | 60.60023407501576  | 13.418846473221889 | 47.181387820301694 |
|  225  | 60.73368281986836  | 13.358557314694623 | 47.375124759569694 |
|  226  | 60.75454155910364  | 13.378802427926745 | 47.375738361294204 |
|  227  |  61.290233700099   | 13.353613076084091 | 47.936617627757634 |
|  228  | 59.828320542489124 | 13.441151292216855 | 46.387168906967666 |
|  229  | 59.86802306482686  | 13.41261821754087  | 46.45540492012193  |
|  230  | 60.35613772609873  | 13.442167654679611 | 46.91397063323154  |
|  231  | 61.09996237018521  | 13.348114078793104 | 47.75184732728024  |
|  232  | 61.27686503680581  | 13.445275669746843 | 47.83158902375437  |
|  233  | 61.293457054847934 | 13.25702477363697  | 48.03643088711746  |
|  234  | 60.320396559481786 | 13.387497507558674 | 46.93289972469122  |
|  235  | 59.702601473415974 | 13.338113155133549 | 46.36448940719107  |
|  236  | 60.61114246460077  | 13.260451925161082 | 47.35069118792915  |
|  237  | 59.83591661764105  | 13.299949828426298 | 46.53596618928258  |
|  238  | 60.29533680750874  | 13.305287130157522 | 46.99004918837473  |
|  239  | 60.22446389462645  | 13.372132740161431 | 46.85233056837396  |
|  240  | 59.986501872071536 | 13.367644763123328 | 46.61885626622957  |
|  241  | 60.64704772673304  | 13.394513557446789 | 47.25253421784355  |
|  242  | 60.83898726741728  | 13.393884432364043 | 47.44510376444891  |
|  243  |  60.6892367900056  | 13.385709816122407 | 47.30352646062807  |
|  244  |  61.0701403240065  | 13.375431513916785 | 47.69470905627973  |
|  245  | 60.44532686297507  | 13.310671862153646 | 47.13465548979791  |
|  246  | 59.659234661616914 | 13.297314368626234 | 46.36191964450122  |
|  247  | 60.131007560967774 | 13.32183940292057  | 46.80916803665397  |
|  248  | 59.75193137859351  | 13.315777610490187 | 46.43615371954603  |
|  249  | 61.162739026044456 | 13.338158987318934 | 47.82458024679579  |
|  250  | 60.27560918546137  | 13.370927123152129 | 46.904683921100585 |
|  251  | 60.93833737279187  | 13.357351601478346 | 47.58098584414947  |
|  252  |  60.3586774504301  | 13.40114000743836  | 46.95753823715308  |
|  253  | 60.47008445425712  | 13.287651978473903 | 47.18243309999403  |
|  254  | 60.11148313984768  | 13.256232518739086 | 46.855249972619134 |
|  255  | 60.02655432458551  | 13.242834662301977 | 46.78371955132785  |
|  256  | 60.860828137358055 | 13.333741686555735 |  47.5270848243599  |
|  257  | 60.54995105279618  | 13.228057004541492 | 47.32189162765093  |
|  258  | 59.21314750488049  | 13.339151754567602 | 45.87399566363585  |
|  259  | 60.38980274985525  | 13.182781469075985 | 47.207021377893845 |
|  260  | 60.875941758265874 | 13.290154070449164 | 47.58579013269912  |
|  261  | 60.758640201268186 | 13.299510882066993 | 47.45913073757334  |
|  262  | 59.92141518693806  | 13.25026679396374  | 46.67114743930001  |
|  263  | 60.16250789605122  | 13.317127206000492 | 46.845382645956654 |
|  264  | 60.78707449634161  | 13.194087223867108 | 47.59298755338071  |
|  265  | 59.81320044576285  | 13.344727978376216 | 46.46847326154797  |
|  266  |  59.7133387743278  | 13.238414728326681 | 46.47492425407139  |
|  267  | 60.174827967772394 | 13.224887550430243 | 46.949939096084584 |
|  268  | 59.52477085967589  | 13.409996961656708 | 46.11477464362323  |
|  269  | 60.06703811562007  | 13.352340964853495 | 46.714697310279554 |
|  270  | 59.983663596625895 | 13.342647493268489 | 46.641014733542555 |
|  271  | 60.11048594095183  | 13.294508525595164 | 46.81598041161395  |
|  272  | 59.926180586995265 | 13.253823111064657 | 46.67235615467305  |
|  273  |  60.0325810979044  | 13.25222965628937  | 46.78035239528935  |
|  274  |  59.7667490850027  | 13.25651649767349  | 46.51023305202705  |
|  275  | 60.01908219759731  | 13.28105482759006  |  46.7380277237494  |
|  276  | 60.364043285470615 | 13.37522784057697  | 46.988816166219046 |
|  277  |  60.4748887872798  | 13.316291481660656 | 47.158599334361014 |
|  278  | 60.349262469897745 | 13.187704303450111 | 47.16155819072628  |
|  279  | 59.15537017905766  | 13.240040159667926 | 45.91533013034542  |
|  280  | 60.978820341529094 | 13.322912809992301 | 47.65590689688843  |
|  281  | 59.58020303977151  | 13.241212968964705 | 46.33899033787192  |
|  282  | 59.152719634276416 | 13.231227354239827 | 45.92149116684929  |
|  283  | 59.77695734558178  | 13.352901277217642 |  46.4240552742028  |
|  284  | 59.60161191317231  | 13.302856068880025 | 46.29875810538307  |
|  285  | 59.05944901910419  | 13.307885307713176 | 45.751562133505885 |
|  286  | 60.26603338408124  | 13.324961415875562 | 46.94107338657783  |
|  287  | 59.543658460516774 | 13.295020781668374 | 46.24864005089487  |
|  288  | 60.299619467293056 | 13.278111449883093 | 47.021508017409964 |
|  289  | 60.46284320040768  | 13.303125215603458 |  47.1597170796872  |
|  290  | 58.73078027271867  | 13.282320542191426 |  45.4484607570375  |
|  291  | 62.13839193811991  | 13.303875728019952 | 48.834514278472675 |
|  292  | 60.73290159382935  | 13.205613011948529 | 47.52728976790405  |
|  293  | 60.53377129343502  | 13.235563465620318 | 47.298208157278204 |
|  294  | 59.67546577916496  | 13.29323287898519  |  46.3822319707841  |
|  295  | 60.93216926144498  | 13.287950992243873 | 47.64421891769057  |
|  296  | 60.85540543128955  | 13.261830023348743 | 47.593575543175135 |
|  297  | 59.79052292185966  | 13.220806712682208 | 46.56971504743287  |
|  298  | 61.19152147691079  | 13.278849239608036 | 47.912673374768694 |
|  299  | 60.51225413636256  | 13.271461663800933 | 47.24079280202513  |
|  300  | 59.942039449811126 | 13.305141667936235 | 46.636895531221654 |
|  301  | 60.65204959354768  | 13.283627127965746 | 47.368423322141666 |
|  302  |  60.8263688796536  | 13.243249035948036 | 47.583118817195306 |
|  303  | 60.62548195609529  | 13.234499143754304 | 47.390983693179365 |
|  304  | 61.043958987504446 | 13.315998572949253 |  47.7279589233471  |
|  305  | 58.90596434697349  | 13.288866854496806 | 45.617098238080736 |
|  306  | 59.98043847747737  | 13.259704747087696 | 46.72073101503861  |
|  307  | 59.512492916625426 | 13.262834827587374 | 46.249655484642666 |
|  308  | 59.19244865255926  | 13.304384281486096 | 45.88806591083854  |
|  309  | 60.30785368420866  | 13.315118888148858 | 46.992733499080884 |
|  310  | 60.15347205540296  | 13.274189988970615 | 46.87928079373207  |
|  311  | 59.652305611195864 | 13.215571454102841 | 46.43673438944194  |
|  312  | 61.11815504718048  | 13.317583033507022 | 47.80057263788427  |
|  313  | 60.08231516313246  | 13.272311128493351 | 46.810005453011264 |
|  314  | 59.74723295129653  | 13.334261034716603 | 46.41297231887937  |
|  315  | 60.448541166099965 | 13.215228847455558 | 47.23331264810791  |
|  316  | 59.52025444508166  | 13.301828457235354 | 46.21842657393738  |
|  317  | 60.37211128940986  | 13.310710090584566 | 47.06140300905934  |
|  318  | 59.61129830537624  | 13.221579093352233 | 46.38971928485995  |
|  319  | 60.51950603106633  | 13.293700411522243 | 47.22580456875518  |
|  320  | 60.81434321216308  | 13.367678394721514 | 47.44666221304618  |
|  321  | 59.864233160824426 | 13.270891723932325 | 46.59333796549944  |
|  322  | 60.05645485387199  | 13.324522816905118 | 46.731934103828486 |
|  323  | 60.29101322345611  | 13.354191225538814 | 46.936822816357285 |
|  324  |  59.7228278868714  | 13.259944601510497 | 46.46288354198847  |
|  325  | 59.62283750230461  | 13.226824164135298 | 46.39601437852067  |
|  326  | 61.50674966979589  | 13.180274307855447 | 48.32647621850017  |
|  327  | 60.50907593626594  | 13.225291202671324 | 47.283784622638926 |
|  328  | 60.408819288915886 | 13.331601513870098 | 47.07721925581633  |
|  329  |  60.6795810061411  | 13.240425122569862 | 47.43915708343557  |
|  330  | 59.37576337601496  | 13.270634786645315 | 46.10512915118206  |
|  331  | 60.103982581883535 | 13.391292121164748 | 46.712690765903645 |
|  332  | 59.986880565410054 | 13.274244226105804 | 46.71263725485882  |
|  333  | 59.874699278783154 | 13.318160829673403 | 46.55653766538596  |
|  334  |  60.6134366796268  | 13.300475696651759 | 47.312961447672876 |
|  335  | 60.467461852156035 | 13.270478660198668 | 47.19698117365305  |
|  336  | 60.647680554422855 | 13.246233197016402 | 47.40144823824483  |
|  337  | 60.27554505534493  | 13.234832433754564 | 47.04071303773091  |
|  338  |  59.3410683821815  | 13.307178787977502 | 46.03388734355076  |
|  339  | 60.49557389652562  | 13.213519846743525 | 47.28205461159451  |
|  340  | 59.66133748103742  | 13.258133240889686 | 46.403203862126944 |
|  341  |  59.5925796267364  | 13.243575465755749 | 46.34900457712119  |
|  342  | 59.198187575520656 | 13.267921769275796 |  45.9302644849873  |
|  343  | 60.24964162266995  | 13.273966199977892 | 46.97567495799422  |
|  344  | 59.54485653049742  | 13.254090328656744 | 46.290766739374455 |
|  345  |  59.924121334812   | 13.284820329056675 | 46.63930131094018  |
|  346  | 59.42020401737958  | 13.258933283106758 | 46.161272225480914 |
|  347  | 59.48662942799675  | 13.243651864757261 | 46.24297767419518  |
|  348  | 60.11376347565634  | 13.25233834089905  | 46.86142462150216  |
|  349  | 60.16706176238658  | 13.339001558237124 | 46.828061549685664 |
|  350  | 58.85972762397151  | 13.289493955602653 | 45.57023413306669  |
|  351  | 61.21731888496277  | 13.147332839502937 | 48.06998666967065  |
|  352  | 59.874259895181304 | 13.262927122068438 | 46.61133173276151  |
|  353  | 60.83068792110337  | 13.250488148057798 | 47.58020114286043  |
|  354  | 60.41503048918799  | 13.267432891043374 | 47.14759778193624  |
|  355  | 59.98277964785982  | 13.287929748428057 |  46.6948496428042  |
|  356  | 59.29232157113409  | 13.269942273192822 | 46.022378392824244 |
|  357  | 59.87790990970601  | 13.267333979156225 | 46.610574841641146 |
|  358  | 58.81594824944114  | 13.230619988270155 | 45.58533044942583  |
|  359  | 59.56431509522123  | 13.274262557618538 | 46.29005413976647  |
|  360  | 59.87155666437542  | 13.222310624178212 | 46.64924668868667  |
|  361  | 59.733429672999975 | 13.315913718171611 | 46.41751412031567  |
|  362  | 60.05847855485566  | 13.248472652122176 | 46.81000432484836  |
|  363  | 60.142130335994544 | 13.252833714463613 | 46.88929525171607  |
|  364  | 59.44933448517405  | 13.21964708827888  | 46.22968577045275  |
|  365  | 59.61804610911988  | 13.322858861251131 | 46.29518603756687  |
|  366  | 59.66713917541867  | 13.21263159906867  | 46.45450878665188  |
|  367  | 60.03516925064802  | 13.341883827498094 | 46.69328686580072  |
|  368  | 60.37008970225677  | 13.242774597383981 | 47.12731429687035  |
|  369  | 60.314760473606675 | 13.24103055645845  | 47.07372924438012  |
|  370  | 60.03561393289432  | 13.197955747799961 | 46.83765802558138  |
|  371  | 59.66135652548014  | 13.232623943907006 |  46.4287352969242  |
|  372  | 60.072317839973515 | 13.32173717801922  |  46.7505806481132  |
|  373  | 59.124679514603365 | 13.270561649604778 | 45.85412062890695  |
|  374  | 59.868834698622834 | 13.221600710877684 | 46.647236422190005 |
|  375  | 60.23196092560664  | 13.255217829233914 | 46.976741150904346 |
|  376  | 59.75036221653287  | 13.211874639650427 |  46.5384878820673  |
|  377  | 60.43987342331655  | 13.26527565999908  | 47.17459648017965  |
|  378  | 59.70119051555495  | 13.293173040516626 | 46.40801812352778  |
|  379  | 59.16189242010595  | 13.240532351822164 | 45.921361902796484 |
|  380  | 59.69622209790829  | 13.182257083663195 | 46.51396689731508  |
|  381  |  60.6411765046611  | 13.21949432000018  | 47.42168235461144  |
|  382  | 59.542127328346716 | 13.198300610999961 | 46.34382570127405  |
|  383  | 59.99444528253425  | 13.275653223069032 | 46.71879087344198  |
|  384  | 58.38953864719083  | 13.262817454513923 | 45.126723283817164 |
|  385  | 59.27894564330677  | 13.157390773735981 | 46.12155422108133  |
|  386  | 59.81403554679949  | 13.277903813905102 | 46.53613178145168  |
|  387  | 59.64600135518232  | 13.226732657689183 | 46.419270299656915 |
|  388  | 59.03970607201202  | 13.162737800993863 | 45.87696814962492  |
|  389  | 58.895965803982726 | 13.219186338333467 | 45.676779587042496 |
|  390  | 60.89710421747121  | 13.18494840341042  |  47.7121568162924  |
|  391  | 60.00151358165827  | 13.154405930142671 |  46.8471105368172  |
|  392  | 59.70812925565195  | 13.19322309872947  | 46.514906389271395 |
|  393  | 59.97100277704878  | 13.13548562483024  | 46.835517800708004 |
|  394  | 60.14514481905044  | 13.191938426816234 | 46.95320585470043  |
|  395  | 59.05393790245737  | 13.17220458489726  | 45.88173427123443  |
|  396  | 59.56516768051391  | 13.192700484069563 | 46.37246642656165  |
|  397  | 59.51558778333062  | 13.241382399655908 | 46.27420394102392  |
|  398  | 59.65514295724582  | 13.187622124996182 | 46.467521040319916 |
|  399  | 59.79793637167009  | 13.23385116233163  | 46.56408518505982  |
|  400  | 58.462451217800215 | 13.190037122885727 | 45.27241667503123  |
|  401  | 59.98914015318648  | 13.213060056371914 | 46.776079264533486 |
|  402  | 60.84506948499659  | 13.135764256335996 |  47.7093045073352  |
|  403  | 60.39848065336574  | 13.279351813039296 | 47.119130674839134 |
|  404  | 59.69770251538905  | 13.201438070166091 | 46.49626240263999  |
|  405  | 58.05565302320358  | 13.20761902673228  | 44.84803536628616  |
|  406  | 59.17462156750944  | 13.219845117173705 | 45.95477766063762  |
|  407  | 59.353382225862546 | 13.162344090291327 | 46.19103844075608  |
|  408  | 59.873991604790696 | 13.276292421521104 | 46.59769834055096  |
|  409  | 59.21292457335511  | 13.084212613565253 | 46.12871398853172  |
|  410  | 60.289917472314755 | 13.216006299186088 | 47.07391131880055  |
|  411  | 58.63724198342504  | 13.181246677183577 | 45.45599695696253  |
|  412  | 60.176276516239334 | 13.15412935029601  | 47.02214629894604  |
|  413  | 59.87620073291707  | 13.244988106331201 | 46.63121184286208  |
|  414  | 59.511079344839075 | 13.18485388278167  | 46.32622599959118  |
|  415  |  60.1467594516127  | 13.148598714751797 | 46.99816166625657  |
|  416  | 60.53855858420917  |  13.1820650100708  | 47.356495921906195 |
|  417  | 60.34940912290723  | 13.125835090372185 | 47.22357470530316  |
|  418  |  59.8975656379157  | 13.232550725862012 | 46.66501460686882  |
|  419  | 59.84863163804883  | 13.202999118166879 | 46.64563163904357  |
|  420  | 60.006802228754715 | 13.206550412310778 | 46.80025053330611  |
|  421  | 58.981862252648604 | 13.231311798322606 | 45.750550662396265 |
|  422  | 59.16049881489709  | 13.198649842541132 |  45.9618503907281  |
|  423  | 58.78929991612059  | 13.172957434190218 | 45.61634289807091  |
|  424  | 59.70337241710778  |  13.2002433449661  | 46.50312923165466  |
|  425  |  59.6107395416267  | 13.115268095544256 | 46.495470284337856 |
|  426  | 59.395595141203664 | 13.216403851587376 | 46.17919186526981  |
|  427  | 59.44275569893081  | 13.214911229662064 | 46.22784823540872  |
|  428  | 60.35901414942463  | 13.157950199816076 | 47.201063557746664 |
|  429  | 60.69906856546849  | 13.221749156422765 | 47.47732087597517  |
|  430  | 59.65855512453379  | 13.073693711559686 | 46.58486012983629  |
|  431  | 59.810436014615156 | 13.185823235658132 | 46.624611176793245 |
|  432  |  59.4048769839911  | 13.206129966280217 | 46.19874543982576  |
|  433  | 59.43968361603371  | 13.149043105200532 | 46.29064102408831  |
|  434  | 59.12768652891222  | 13.168901711681075 | 45.958787237834905 |
|  435  | 58.973431594707044 | 13.190647234611502 | 45.78278663502742  |
|  436  | 59.136200349613965 | 13.18085342664081  | 45.95534508846046  |
|  437  | 59.54146174762806  | 13.17013985549669  | 46.371321195084626 |
|  438  | 59.58736394627617  | 13.24093957415882  | 46.34642407737004  |
|  439  | 59.62124504635739  | 13.127207472640334 | 46.49403743848272  |
|  440  | 60.12757830242018  | 13.231254812708475 | 46.89632288977954  |
|  441  | 59.90470483976405  | 13.236917593976642 | 46.667787502414974 |
|  442  | 59.384269541909006 | 13.187814602022536 | 46.196454731816196 |
|  443  | 59.649565006703554 | 13.255352457052409 | 46.394212990070336 |
|  444  | 58.849373626164414 | 13.156172375720994 | 45.693199599722355 |
|  445  | 58.86536242466667  | 13.181526323627523 | 45.683835428271045 |
|  446  | 59.457591645637635 | 13.13615670613723  | 46.32143377775582  |
|  447  | 59.96308644340346  | 13.204088720457344 | 46.75899834715693  |
|  448  | 59.62911544752609  | 13.18601561897345  | 46.44309913150589  |
|  449  | 59.37277263792929  | 13.195694592575956 | 46.177078021074685 |
|  450  | 60.26399922013538  | 13.209003288746448 | 47.054995834274344 |
|  451  | 59.23060327820797  | 13.242818422156404 | 45.98778378098402  |
|  452  | 59.35587903189994  | 13.190617445392776 | 46.16526079234582  |
|  453  | 59.23256264940036  |  13.1952137315157  | 46.03734814800196  |
|  454  | 58.93889563916951  | 13.251239725785002 | 45.687655545801256 |
|  455  | 60.19085041602509  | 13.22262069766589  | 46.96823030445027  |
|  456  |  59.0919139026149  | 13.170370765620687 | 45.921542696575024 |
|  457  | 59.352028467585406 | 13.199300082558652 | 46.15272796888622  |
|  458  | 59.00364779541103  | 13.086549688117323 | 45.91709736168966  |
|  459  | 58.85818275870977  | 13.106760710726004 | 45.75142228033268  |
|  460  | 61.05194944408488  | 13.199314520411795 | 47.85263292964742  |
|  461  | 60.20506397168352  | 13.109943538741103 | 47.09511969777592  |
|  462  |  59.0509820294159  | 13.143129647132643 | 45.907852919817024 |
|  463  | 60.57886453846821  | 13.016534188347944 | 47.56233107144566  |
|  464  | 58.56904150513334  | 13.172535221037228 | 45.39650584367693  |
|  465  | 59.60280788112135  | 13.208812139104044 |  46.3939957420173  |
|  466  | 58.947078043184135 | 13.213687620587272 | 45.73339011741201  |
|  467  | 59.495847912138764 | 13.216035388635222 | 46.279812388269214 |
|  468  | 59.219519927165294 | 13.125078171796524 | 46.094440458389855 |
|  469  | 59.43746724061787  | 13.194886039445265 | 46.24258092026639  |
|  470  | 58.978443318198416 | 13.096154851230473 | 45.88228790515552  |
|  471  | 59.09995296640734  | 13.165913457732072 | 45.93404206451336  |
|  472  | 59.79738632554302  | 13.290911523155051 | 46.506474153898516 |
|  473  | 58.72627362767033  | 13.164322611663332 | 45.56194931672864  |
|  474  | 59.183695968094256 | 13.172775084763064 | 46.010921202357146 |
|  475  | 59.284842438281444 | 13.234926517367676 | 46.04991675319486  |
|  476  | 59.34362817020494  | 13.081944853414843 | 46.26168411095143  |
|  477  | 60.21909846438132  | 13.105659386841081 | 47.113436289353224 |
|  478  | 58.56377996208269  | 13.017222621399478 | 45.546556484123485 |
|  479  | 58.89409184643067  | 13.175693494945147 | 45.71839693311337  |
|  480  | 59.43336736773015  | 13.250519441191196 | 46.18284831840085  |
|  481  | 59.73266780543776  | 13.180185651540926 | 46.552481321615744 |
|  482  | 59.41324691718004  | 13.191955133474869 | 46.22129188081976  |
|  483  | 59.72080282719113  | 13.198044181749307 | 46.52275924537399  |
|  484  | 60.10277254048796  | 13.160841579695926 | 46.94193455698148  |
|  485  | 59.52178002629086  | 13.130258876937587 | 46.39152146837923  |
|  486  | 58.76112020648209  | 13.185649289592458 | 45.575470403634505 |
|  487  | 59.12420210474138  | 13.178459908546449 | 45.945745168173566 |
|  488  | 59.838473965093236 | 13.160555641452046 | 46.67791689142794  |
|  489  | 58.478851283870085 | 13.043635175706317 |  45.4352165728616  |
|  490  | 58.84698172021757  | 13.186692731595453 | 45.66029027175994  |
|  491  | 58.99063067512231  | 13.174471977918227 | 45.816157584016786 |
|  492  | 59.13503200214249  | 13.244417639366366 | 45.89061505982288  |
|  493  | 59.060174867138535 | 13.153121734272432 | 45.90705459979554  |
|  494  | 59.037963010400865 | 13.181915215132154 | 45.856045839362785 |
|  495  | 58.77034743456735  | 13.18720286884621  | 45.58314531132518  |
|  496  | 59.98463717670972  | 13.141961036453411 | 46.84267574839441  |
|  497  | 59.38719454612614  | 13.131531146773547 | 46.255663007490696 |
|  498  | 59.477372183335724 | 13.159167331484083 | 46.31820691871325  |
|  499  | 59.344213962668384 | 13.111512100869577 | 46.23270418528798  |
|  500  | 59.78657141192425  | 13.165451821956411 | 46.621116923174064 |
+-------+--------------------+--------------------+--------------------+