+-------+--------------------+--------------------+--------------------+
| Epoch |     total_loss     |      dt_loss       |     type_loss      |
+-------+--------------------+--------------------+--------------------+
|   1   | 532.3497798464964  | 95.31856500379193  | 437.0312007492904  |
|   2   | 525.1165863697852  | 88.84872675770214  | 436.26786294120734 |
|   3   | 521.0970846571413  | 86.48423812107447  | 434.61284908827446 |
|   4   |  525.988401926219  | 85.74163124580029  | 440.2467978688725  |
|   5   |  521.371825794308  | 84.48595904963601  | 436.8858663562137  |
|   6   | 521.8161946091798  | 83.00682872379221  | 438.8093506265986  |
|   7   | 516.1062280226968  | 82.26152492562221  | 433.8446958561384  |
|   8   | 516.0898594916391  | 81.60152157936214  | 434.4883414356305  |
|   9   | 518.1563936932836  | 81.02209301843492  | 437.1342852218305  |
|   10  | 515.2421476666825  | 80.60623674848776  | 434.6358925245105  |
|   11  |  513.475852913667  |  80.090191436557   | 433.3856653889219  |
|   12  |  514.612220112494  | 79.57367452711767  | 435.03852289142196 |
|   13  | 511.0489191186448  | 79.00431798680351  | 432.04461228458933 |
|   14  |  513.010795104966  | 78.68946367872348  | 434.32134668503153 |
|   15  | 503.8219726257542  |  78.3899200606454  | 425.43207936510424 |
|   16  | 502.47149221822815 | 77.97740054624069  | 424.49407386099074 |
|   17  | 510.51454068568955 |  77.7357426093585  |  432.778773995544  |
|   18  | 503.51739584727426 | 77.14110075437594  | 426.3763175926236  |
|   19  | 505.5148794504112  | 77.08561256366941  | 428.4292672752001  |
|   20  | 499.1430576931656  | 76.58632406688093  | 422.5567526026564  |
|   21  | 500.2160970255389  | 76.15497436269305  | 424.0611113158686  |
|   22  | 497.48786848214814 |  75.816790061368   | 421.6710866328622  |
|   23  | 499.24808339734545 | 75.56480069356732  | 423.6832823153198  |
|   24  | 500.2196088342079  | 75.12747236674325  | 425.0921274784659  |
|   25  | 500.79771147062456 | 74.83533445472182  | 425.96238503375565 |
|   26  | 491.3729752171417  |  74.5535669174757  | 416.8194030282499  |
|   27  | 490.98423064597415 | 74.17344044538558  | 416.81076320636396 |
|   28  | 488.5315725438628  |  73.845111032795   |  414.686461705297  |
|   29  | 488.9097998122388  | 73.56178914482413  | 415.34799637977153 |
|   30  | 488.61858655996275 | 73.15527520371482  | 415.4633334675148  |
|   31  | 489.27022241542033 | 72.62582695884079  | 416.64439545657956 |
|   32  | 481.1113941048317  | 72.48789644570343  | 408.6235049000644  |
|   33  | 483.18117446046256 | 72.24960246189362  | 410.93155379911394 |
|   34  | 484.8021367154971  | 71.87833000834772  | 412.9238188310433  |
|   35  | 476.6896134021876  | 71.34783951157817  | 405.3417735021511  |
|   36  | 475.42302044385843 |  71.3069239654287  | 404.1160735902462  |
|   37  | 475.5992137356199  |  70.7555145038584  | 404.84372153725764 |
|   38  | 469.79495465798004 | 70.60543864447816  | 399.18952736047913 |
|   39  |  472.895358869583  | 70.25907660336146  | 402.63630515440514 |
|   40  | 465.16462191632326 | 70.01245727466454  |  395.152156818035  |
|   41  | 466.9549185593809  | 69.65662997579564  | 397.29827978881576 |
|   42  | 462.46046161311256 | 69.46038998974353  | 393.0000524527681  |
|   43  | 461.6486899398379  | 69.37283295062562  | 392.2758425073399  |
|   44  | 457.12959458366794 | 69.00286754324071  | 388.1267194110327  |
|   45  | 453.2391222223849  | 68.97339780246136  | 384.2657269721311  |
|   46  | 449.32168170312684 | 68.86179282465011  | 380.4599035545783  |
|   47  | 454.4828505297091  | 68.50075631024808  | 385.9821016546263  |
|   48  |  452.942526026564  | 68.21263977348478  | 384.7298670824783  |
|   49  | 443.4324225734989  | 67.93049770975124  | 375.5019321046839  |
|   50  | 444.0972319518331  | 68.03556207642792  | 376.06166321715654 |
|   51  | 439.43586408209865 | 67.67654244139057  | 371.7593214464789  |
|   52  | 439.00766081246144 | 67.51646816699301  | 371.49118501607387 |
|   53  | 439.3258923374696  | 67.49021036319157  | 371.83569018636007 |
|   54  | 440.83514187921946 | 67.40824770876375  | 373.42689691689253 |
|   55  | 433.77632961958443 | 67.01221439017587  | 366.76410818270153 |
|   56  | 434.93082288024596 | 66.94477518042184  | 367.98603185834753 |
|   57  | 431.4309610044165  |  66.6818506920193  | 364.74913691816346 |
|   58  | 426.86451589406005 | 66.68885647113227  | 360.17567018721746 |
|   59  | 422.91361804556453 |  66.226641587578   | 356.6869866395887  |
|   60  | 424.3087656881989  | 66.25120687382635  | 358.0575618521531  |
|   61  | 416.73060950261765 | 66.24528009494996  | 350.4853151200245  |
|   62  | 417.2714885500196  | 65.78982359518359  | 351.4816686724187  |
|   63  | 414.6945355687855  |  65.9584660826199  | 348.73605403314735 |
|   64  | 416.56226749134265 | 65.28981998106879  | 351.2724539742934  |
|   65  | 410.45284753908805 | 65.29556910015417  | 345.1572926294625  |
|   66  | 405.3230860925929  | 65.54590097881628  | 339.77719410277535 |
|   67  | 407.1067649302187  | 65.17920331753012  | 341.92754713081615 |
|   68  | 404.5384421066077  | 65.04669789385291  | 339.49174401852565 |
|   69  | 397.1675387084583  | 64.79897397204918  | 332.3685579810459  |
|   70  | 396.3704246504659  | 64.84205912431875  | 331.52836924372986 |
|   71  | 395.01556000765123 | 64.24231911567799  | 330.7732363003593  |
|   72  | 391.67378071129906 | 64.14044010199565  | 327.5333446182298  |
|   73  | 388.59793944702585 | 64.25649573421184  | 324.3414322687222  |
|   74  | 389.02223001898057 | 64.25087754011098  | 324.77135228464044 |
|   75  | 381.75936267388994 | 63.841943837505504 | 317.9174324306113  |
|   76  | 383.7280384456717  | 63.918951556877154 | 319.8090943239599  |
|   77  | 376.4366140535778  | 63.625320543483866 | 312.8113079919663  |
|   78  |  374.951815350805  | 63.38106774750591  | 311.57075846470343 |
|   79  | 377.81649794069153 | 62.91359168939184  | 314.9029039069354  |
|   80  | 376.16485414180534 | 62.628511305851454 | 313.5363385356837  |
|   81  | 365.74947245904383 | 62.754648118310676 | 302.9948176824845  |
|   82  | 366.5087617615022  | 62.710810207282535 | 303.7979498896575  |
|   83  | 366.4784620104873  | 62.17771967802336  | 304.30072237133214 |
|   84  | 364.8899966050919  | 61.870900234210616 | 303.0191006711515  |
|   85  | 359.4864900068473  | 62.12997325431611  | 297.3565327047366  |
|   86  |  357.281074750829  | 61.47880625446836  | 295.8022580234147  |
|   87  | 354.6980470942793  | 61.364685771977534 |  293.333371198946  |
|   88  | 354.62557211564376 | 61.48178754339552  | 293.1437809517802  |
|   89  | 354.1643947008647  | 60.95609701766078  | 293.20828329844613 |
|   90  | 349.4005643058158  | 60.671495134025534 | 288.7290700458215  |
|   91  | 345.2260493211113  | 60.826399098627064 | 284.3996457143707  |
|   92  | 340.0383966025244  | 60.702350949549036 | 279.33604956478723 |
|   93  | 341.8977905825266  | 60.66495458007057  | 281.23280753789845 |
|   94  | 340.0998285453773  | 60.09899917863932  | 280.00082946385254 |
|   95  | 337.50212806921303 | 60.060680900390395 | 277.4414486391556  |
|   96  | 333.9127667554356  | 60.081956774911056 | 273.8308059579839  |
|   97  | 329.76194624137287 | 59.77240464462146  | 269.98951694689106 |
|   98  | 332.2856884088909  | 59.83273877242109  | 272.45295354828164 |
|   99  | 326.4784411426501  | 59.901994718360584 | 266.57644309516525 |
|  100  | 326.9443435614489  | 59.23917156839382  | 267.70515966131774 |
|  101  | 326.52600363405327 | 59.49589919136332  | 267.0300886983279  |
|  102  | 323.30842311150286 | 59.17816509634377  | 264.13027092958384 |
|  103  | 326.0121722006951  |  58.8552265562048  | 267.15695817045673 |
|  104  | 321.38633270227365 | 59.057545122123464 | 262.32880030034585 |
|  105  |  315.674692303233  | 59.170453015549136 | 256.50421717641694 |
|  106  | 313.1195905904613  | 58.974254806921536 | 254.14534624287154 |
|  107  | 312.1214216959752  | 58.715723363098974 | 253.40569217381466 |
|  108  | 310.5437238041117  | 58.91421347597001  | 251.6295177633071  |
|  109  | 308.98827366961655 | 58.729939264936895 | 250.25833235165916 |
|  110  | 310.42119746329587 | 58.655459740489206 | 251.7657151259668  |
|  111  | 304.5762418918941  | 58.67403149292805  | 245.90220805460177 |
|  112  | 302.3032966593802  | 58.58443484055607  | 243.71884293956697 |
|  113  | 305.2175189936527  | 58.079246457463185 | 247.13825511365116 |
|  114  | 302.29391762667433 | 58.32524571769328  | 243.9686871677701  |
|  115  | 299.54193622771544 | 58.15257789054542  | 241.3893618605235  |
|  116  | 298.56798529324294 | 58.496158451912606 | 240.07181530012394 |
|  117  | 296.33837941451327 | 58.21303349144822  | 238.12535032044983 |
|  118  | 294.86712989199026 | 58.38904112099524  | 236.47809171166102 |
|  119  | 294.1401027014163  | 58.26107094034308  | 235.87903499308297 |
|  120  | 291.07357364775254 | 58.27457361268963  | 232.79900981459252 |
|  121  | 289.2612465879561  |  57.926853793478   | 231.33441109104777 |
|  122  | 287.31079690421785 | 57.93957780379214  | 229.37124121169262 |
|  123  | 287.77142116883357 | 57.90754308253562  | 229.8638781834125  |
|  124  | 284.8849640509755  | 57.96344259163609  | 226.92152556538042 |
|  125  | 285.1114814970682  | 57.820722090298865 | 227.29076802092396 |
|  126  | 281.7170947898776  | 57.71669391629357  |  224.000378082515  |
|  127  | 281.9576586065989  | 57.57885919807356  | 224.37880302899342 |
|  128  | 279.9413496222123  | 57.69479755671173  | 222.2465546177082  |
|  129  | 279.4553456675175  | 57.73996824291301  | 221.7154017831211  |
|  130  | 275.2790715691591  |  57.8988291840028  | 217.3802339788451  |
|  131  | 274.5522803652153  | 57.53549794268103  | 217.01676627609976 |
|  132  | 273.52117644733625 | 57.63894880314314  | 215.88222011191317 |
|  133  | 275.22132924724525 | 57.27819039315063  | 217.9431239837639  |
|  134  | 270.18726163179343 | 57.101584321738365 | 213.08568484233498 |
|  135  | 270.0925008123499  | 57.46755450764015  | 212.62494620759517 |
|  136  | 268.8005887852264  | 57.182635306177495 | 211.61795318770515 |
|  137  | 268.03094361890874 | 57.64133702418137  | 210.3896150010386  |
|  138  | 266.5866762751657  | 57.31804939250052  | 209.26862022441654 |
|  139  | 266.2321819239164  | 57.24387919979382  | 208.98832727686838 |
|  140  | 262.65660242248146 | 57.24182964363978  | 205.41476710535304 |
|  141  | 264.7856509680411  | 56.85550052371446  | 207.93014750366066 |
|  142  | 262.73573651382986 |  57.1184796985206  | 205.61724556544664 |
|  143  | 263.7396495963402  | 57.128610533361005 | 206.61104033908305 |
|  144  | 261.1818713329532  | 57.213282533183204 | 203.96859574936244 |
|  145  | 263.6816279147881  | 57.10191145539993  | 206.5797127418055  |
|  146  | 258.66907833225525 | 57.46600847155771  | 201.20306986069752 |
|  147  | 258.4409387131518  | 56.84848217143917  | 201.59246349130504 |
|  148  | 256.4194211776047  | 56.74295307425354  | 199.67646037684207 |
|  149  | 257.1192602629098  |  57.0702568261135  | 200.0490124394092  |
|  150  | 254.2683849711376  | 56.85875330781358  | 197.40962080191977 |
|  151  | 254.0554902546184  |  56.6831757452214  | 197.37232360912452 |
|  152  | 253.04111118938366 | 56.74709246370187  | 196.29402449628498 |
|  153  | 256.13447059996207 | 56.74585017209503  | 199.38862747457406 |
|  154  | 251.86621048732397 | 56.09501136237033  | 195.7711993191828  |
|  155  | 253.0516436420507  | 56.516122911931106 | 196.53552601514986 |
|  156  | 250.10436450450896 | 56.447671531297864 | 193.6567022671678  |
|  157  | 249.51574469962745 | 56.65739940105096  | 192.8583560628662  |
|  158  | 251.00573546767887 | 56.67014754388607  | 194.3356009353322  |
|  159  | 249.51356668628853 | 56.62851307569672  | 192.88506662213118 |
|  160  | 248.18247742236525 | 56.518031382373536 | 191.66444203106528 |
|  161  | 249.2817942410346  | 56.355237261499646 | 192.92656069711762 |
|  162  | 246.89174569869874 |  56.5949211020768  | 190.29683144909978 |
|  163  | 246.68267740217414 | 56.48201403185608  | 190.20066278763053 |
|  164  | 246.6435297608177  | 56.42279692783033  | 190.22073136265436 |
|  165  | 245.2895565173639  | 56.467348263486635 | 188.82220424495083 |
|  166  | 241.64265056703593 | 56.15282864040799  | 185.48982192662794 |
|  167  | 244.87804683855026 | 56.03974814713356  | 188.83830279745774 |
|  168  | 244.2621550903756  | 56.040753488225256 | 188.22140082523364 |
|  169  | 241.83436285686471 | 56.27444870790186  | 185.55989927863212 |
|  170  | 242.53946382466765 | 56.18374981949393  | 186.35571400517372 |
|  171  |  241.356829613979  | 55.83250522726977  | 185.52432585704221 |
|  172  | 241.32553721030155 | 55.80670957454125  |  185.518828412677  |
|  173  | 239.95013601269972 | 56.014691296799136 | 183.93544041563038 |
|  174  | 241.86270498838024 | 55.79943419625979  | 186.06327303937013 |
|  175  | 240.01626459485203 |  56.403400982955   | 183.61285265337816 |
|  176  | 238.2585196648216  | 56.059753861791485 | 182.1987735295392  |
|  177  | 236.71653136916595 | 56.00961247348173  | 180.70692232192314 |
|  178  | 238.89688416398653 | 56.07822973672021  | 182.81866538578518 |
|  179  | 238.47390529243202 | 56.149786901734934 | 182.32411066418797 |
|  180  | 238.85144894309704 | 55.98938234244362  | 182.86207090092364 |
|  181  | 238.3073926222713  | 55.94038925697314  | 182.36701432381702 |
|  182  | 236.85103339794958 | 55.99327173625575  | 180.85775480921598 |
|  183  | 234.84396735515136 | 55.89144194060894  | 178.95252150273058 |
|  184  | 236.70448394346997 | 55.79764639659067  | 180.9068447878155  |
|  185  | 235.91520509032333 | 55.55222666357178  | 180.3629829212509  |
|  186  | 237.0372035561815  | 55.99144908424902  | 181.04575036589145 |
|  187  | 235.98151309303577 | 55.53245627026373  | 180.44906259337523 |
|  188  | 236.05189825652923 | 55.466047755769395 | 180.5858450215004  |
|  189  | 235.59885322086134 | 55.57335099123388  | 180.02550340861671 |
|  190  | 236.3414738991134  | 55.71144006980081  | 180.6300409731342  |
|  191  | 236.37012208497953 | 55.375187246906684 | 180.99492897035506 |
|  192  | 233.54467299663534 | 55.38357294987078  | 178.16110405569103 |
|  193  | 233.69810358410984 | 55.293068110021046 | 178.4050319507353  |
|  194  | 234.17314639149353 |  55.6198650417287  | 178.55329250251285 |
|  195  | 232.84642426706114 | 55.55804090479457  | 177.28839265622327 |
|  196  | 231.74820597955167 | 56.11708085547735  | 175.63113294769803 |
|  197  | 233.2026211840466  | 55.50975651891918  | 177.69286251499233 |
|  198  | 232.96053877473585 | 55.54163223183101  | 177.41891583686154 |
|  199  | 234.18043067164288 | 55.193335867824366 | 178.98708403952884 |
|  200  | 230.16524906961683 | 55.372885712889754 | 174.79235954202983 |
|  201  | 231.97992617897327 | 55.31975873538264  | 176.66016715224686 |
|  202  | 228.66919541069646 | 55.58610029853641  | 173.0831004943049  |
|  203  | 230.84846783387727 |  55.3274901909911  | 175.52097646389691 |
|  204  | 231.2535934647917  | 55.38135955959395  | 175.87224104901935 |
|  205  | 230.35099246097468 | 55.502815568784634 | 174.84817826540845 |
|  206  | 232.0612600228062  | 55.30157893560003  | 176.75968079586244 |
|  207  | 229.97570211921962 | 55.20556518278773  | 174.7701369364319  |
|  208  | 229.26358152031474 | 55.47467508708583  | 173.78891415973803 |
|  209  | 229.79486513466827 | 55.37039771251329  | 174.42446184578097 |
|  210  | 230.0913038160754  | 55.38746504201624  | 174.70382742708193 |
|  211  | 228.62763600572927 | 55.28231889396629  | 173.3453247411575  |
|  212  | 229.28732725293642 |  55.4070299780712  | 173.8802967892923  |
|  213  | 231.73384767324052 | 55.37958131255123  | 176.3542676367931  |
|  214  | 229.73048387446235 | 55.32763874635735  | 174.40283974596014 |
|  215  | 228.9623900946055  |  55.4391052433062  | 173.52329571270357 |
|  216  | 228.91393513285828 | 55.33103278861453  |  173.582883367872  |
|  217  | 227.01216835967705 | 55.074100550656766 | 171.93806585311435 |
|  218  | 225.74130511505106 | 55.33849373744154  | 170.4028058012355  |
|  219  | 228.87728831372658 | 55.190993055570075 | 173.68628615842897 |
|  220  | 227.2847072466084  | 54.90121561432066  | 172.3835063083893  |
|  221  | 230.00923648664505 | 54.99240062204452  | 175.01683214701785 |
|  222  | 226.3645978841843  |  55.0818418302679  |  171.282754680698  |
|  223  | 227.19674732717422 | 54.993995395127634 | 172.20275164070284 |
|  224  | 225.1321278657625  | 55.02750329383634  | 170.10461899555216 |
|  225  | 227.2594349997514  | 55.14478378604487  | 172.11466070189238 |
|  226  | 225.68563172592027 | 54.80194524365211  | 170.88369929957838 |
|  227  | 228.1788341078394  |  55.126050439472   | 173.0527709481718  |
|  228  | 226.61667978494134 | 55.139300131043335 | 171.4773745630969  |
|  229  | 225.59061764978722 | 54.825681322902376 | 170.76494356782104 |
|  230  | 226.88363145369448 | 55.06662252690717  | 171.8170089267873  |
|  231  | 226.76465366535064 | 55.12007590472457  | 171.64458304565633 |
|  232  | 227.21964574138124 | 55.022649057530344 | 172.1969895400293  |
|  233  | 226.84115537416076 | 54.90757084006274  | 171.93358805745152 |
|  234  | 225.00161026149826 | 55.080928453059244 | 169.92068816172971 |
|  235  | 224.94621519006606 | 55.44048561098007  |  169.505722532379  |
|  236  | 226.5798450282095  | 55.12864258480503  | 171.4512028318628  |
|  237  | 226.53930549340222 | 54.82882969520672  | 171.71046660135337 |
|  238  | 223.67157935778528 | 55.06367118285436  | 168.60789711929746 |
|  239  | 226.81015483702814 | 54.71859727959788  | 172.09154992803573 |
|  240  | 226.04617321187757 | 54.95519097578006  | 171.0909779358273  |
|  241  | 224.66531248997995 | 54.669681270435085 | 169.99562339592117 |
|  242  | 225.92142189419783 | 54.65238126618165  | 171.2690440542551  |
|  243  | 223.02927703095028 | 54.77681094851915  | 168.25247948242884 |
|  244  | 226.33292869406316 | 54.81280769168437  | 171.52011464908807 |
|  245  | 224.91213530005655 | 54.92651592547798  | 169.98561575411048 |
|  246  | 223.46993481247816 | 54.89491078015767  | 168.57504271734848 |
|  247  | 225.4699498243965  | 55.00660994096566  | 170.46334183933678 |
|  248  | 225.28048201421882 | 54.80055633987837  | 170.4799145215924  |
|  249  | 224.40153122946617 | 55.168844881495666 | 169.2326935889067  |
|  250  | 224.5972441646731  | 54.77276526829358  | 169.82447996463998 |
|  251  | 226.89544356076343 | 54.65008886819677  | 172.24536222484662 |
|  252  | 223.40725525759132 | 55.001834726889534 | 168.40542072493093 |
|  253  | 226.03486696833687 |  54.5719438045047  | 171.46292678430027 |
|  254  | 227.9555272336747  | 54.91461600504005  | 173.04090350212553 |
|  255  | 223.07981902691344 | 54.47670601992955  | 168.60309950987158 |
|  256  | 225.48691968171335 | 54.583821543789526 | 170.9030834618223  |
|  257  | 223.78907432075118 | 54.85772256354278  | 168.93135694512407 |
|  258  | 223.75379341918742 |  54.9599458929076  | 168.79384791473817 |
|  259  | 224.51006885848952 | 54.332316991972576 | 170.17775147805858 |
|  260  | 224.83838019869086 | 54.70745061256759  | 170.1309200979374  |
|  261  | 222.9181912495016  | 54.75204783713509  | 168.1661414564606  |
|  262  | 223.65107463479978 | 54.94517718670682  | 168.70589696252003 |
|  263  | 224.18011588605563 |  54.7702835694739  | 169.40983016644662 |
|  264  | 223.5399647435205  | 54.84900813405638  | 168.6909530861106  |
|  265  | 223.17145834030381 |  54.7805581792831  | 168.39091894316329 |
|  266  | 225.83081643909833 | 54.486323436271455 | 171.34450171409605 |
|  267  | 225.29236550323174 | 54.42469117870054  | 170.8676701213756  |
|  268  | 223.07199898283451 | 54.65872447331293  | 168.41326961294968 |
|  269  | 224.29449682532962 | 54.889788574756054 | 169.40469876238768 |
|  270  | 220.9942531980505  | 54.81107730761103  | 166.18317159016928 |
|  271  | 223.59973874252069 | 54.54365258735332  | 169.05608967852086 |
|  272  | 224.52829308411123 | 54.530891435701676 | 169.9974048804193  |
|  273  | 224.63549286622023 | 54.70675249210914  | 169.92874047122567 |
|  274  | 224.4084177246384  | 54.66577491333676  | 169.7426388994898  |
|  275  | 223.3390076642033  | 54.85393524079161  | 168.4850689971728  |
|  276  | 225.00828105337473 | 54.73637811269132  | 170.27190851705743 |
|  277  | 223.6321077857334  | 54.54116961061458  | 169.09094893940852 |
|  278  | 223.63087535624896 | 54.50921481829327  | 169.12165329701952 |
|  279  |  223.017770785818  |  54.6067122296722  |  168.411051218095  |
|  280  | 221.28242819416445 | 54.81086426271361  | 166.4715621697741  |
|  281  | 224.37496793221894 | 54.83495602640628  | 169.54000994990673 |
|  282  | 226.2656100969952  | 54.75993050106247  | 171.50568673975434 |
|  283  | 225.04063105849804 |  54.329866594001   | 170.7107680849651  |
|  284  |  223.636565813586  | 54.848193618589264 | 168.78835507741633 |
|  285  | 220.75121820900458 | 54.56803105871875  | 166.18318715028585 |
|  286  | 222.4567211876306  | 54.63109682651749  | 167.8256278844666  |
|  287  | 223.38157913022854 | 54.65307399632674  | 168.72849407826837 |
|  288  | 223.09338316099434 | 54.50414236551122  | 168.5892409897123  |
|  289  |  221.667943046401  | 54.288199301081384 | 167.37974717155853 |
|  290  | 224.11147447577437 | 54.427488260316814 | 169.68399247163367 |
|  291  | 222.73191361537354 | 54.49630919008802  | 168.23561205468008 |
|  292  | 222.72350197101588 | 54.45330931531682  | 168.2701944173758  |
|  293  | 224.22737970018625 | 54.79402010253064  | 169.43336488268588 |
|  294  | 222.4384581561092  | 54.767622228636505 | 167.67083768914944 |
|  295  | 222.0368536496032  |  54.5575468266206  | 167.47930300828534 |
|  296  | 224.6876829057939  | 54.47707475493869  | 170.21059866266933 |
|  297  | 223.73987215029862 | 53.922305981828686 | 169.81756616846994 |
|  298  | 225.83755410026714 | 54.551394640250685 | 171.28615574243378 |
|  299  | 224.3266739810106  | 54.89447408218257  | 169.43219980171344 |
|  300  | 222.05399360447987 |  54.8366194168443  | 167.21736880549074 |
|  301  | 221.63431186208604 | 54.57194745764686  |  167.06236421021   |
|  302  | 223.5705874232261  | 54.53120905757943  | 169.0393725950435  |
|  303  | 221.54687192137683 | 54.63530390029461  | 166.9115681181968  |
|  304  | 222.4056627889375  | 54.397362219161316 | 168.00829714353725 |
|  305  | 224.01140242873163 | 54.632561066704874 | 169.37884390062018 |
|  306  | 223.99355905565966 | 54.590909505440685 | 169.40264955021897 |
|  307  | 224.73033937521842 | 54.67359551832048  | 170.0567405277736  |
|  308  | 225.9169310143866  | 54.75638779815594  | 171.1605391101896  |
|  309  | 226.42036075669188 | 54.58899012367526  | 171.83137601516145 |
|  310  | 222.91016904371227 | 54.590580001094075 | 168.31959657489813 |
|  311  | 223.44900156184943 | 54.91498415736167  | 168.53401906904992 |
|  312  | 221.8039810612688  |  54.2796465356152  | 167.52433814612166 |
|  313  | 223.41552676650815 | 54.37013189627561  | 169.04538909962935 |
|  314  | 225.8747995627542  | 54.613006137990396 | 171.26178560114008 |
|  315  | 221.93622683321553 | 54.71663191089907  | 167.21959345198346 |
|  316  | 225.61416574424146 | 54.13058060440256  | 171.4835910075567  |
|  317  | 222.47946935195796 | 54.53461306088884  | 167.94485638818372 |
|  318  | 223.3610876475009  | 54.585924798864255 | 168.77516157253282 |
|  319  | 223.53279360640255 | 54.31183288632306  | 169.2209473200818  |
|  320  | 223.7479763679949  | 54.323151537840516 |  169.424823456936  |
|  321  | 222.10116579689753 | 54.552136567556204 | 167.54901426189602 |
|  322  | 222.3478653712866  | 54.408743059411094 | 167.93913317327977 |
|  323  | 224.4072376063345  | 54.392782790814586 | 170.01446459504953 |
|  324  | 222.80571997508872 | 54.59294670807473  | 168.21277287855563 |
|  325  | 223.56589599362505 |  54.2632603705454  | 169.30263934066232 |
|  326  | 224.65370914478288 | 54.47117848274908  | 170.18253095337755 |
|  327  | 220.80836589195147 | 54.38917551759933  | 166.41918694811324 |
|  328  | 222.31330729631364 | 54.43760238327981  | 167.8757029571279  |
|  329  | 223.73815729911345 | 54.73711309040441  | 169.00104420870903 |
|  330  | 222.22677097869663 |  54.4507740346585  | 167.77599332357002 |
|  331  | 222.07059013880408 |  54.4704731531209  | 167.6001189415891  |
|  332  |  223.345628617237  | 54.68776463089516  | 168.6578606572175  |
|  333  | 222.62584148427857 | 54.63941461280389  | 167.98642931295353 |
|  334  | 224.7168040269901  | 54.58890430070149  | 170.1278919997795  |
|  335  | 224.0978490451447  | 54.75872260707916  | 169.3391260496072  |
|  336  | 223.8275695299779  | 54.712837512397265 | 169.1147300616747  |
|  337  | 222.51130630162794 | 54.355049944706764 | 168.1562544981298  |
|  338  | 223.03673798340773 | 54.58383111456817  | 168.45289914233044 |
|  339  | 223.9397768015638  | 54.14529288975137  | 169.79447461785574 |
|  340  | 223.18206554034367 | 54.430640091534144 | 168.75142055223762 |
|  341  | 222.1746090823856  | 55.01907927508358  | 167.15552031911614 |
|  342  | 222.73444722057835 | 54.708627253806284 | 168.02583346388437 |
|  343  | 223.28167837516426 | 54.31815974099166  | 168.96352078430772 |
|  344  | 224.79549470947325 | 54.28807986012363  | 170.5074148493496  |
|  345  | 222.90991781644527 | 54.80054586784005  | 168.10936803679337 |
|  346  | 221.78344868150123 | 54.41045272268059  | 167.3730012438509  |
|  347  | 221.68453634599263 | 54.915584095880696 | 166.7689410002493  |
|  348  | 223.89175500717727 | 54.670314744345326 | 169.22143243920823 |
|  349  | 225.02482623132727 | 54.31851415477592  | 170.7063024912509  |
|  350  | 220.08691035943912 | 54.01817082349045  | 166.06873973017784 |
|  351  | 221.2454049625256  | 54.891717820459114 | 166.3536763777768  |
|  352  | 221.76410066040532 | 54.63162519703188  | 167.13247213424913 |
|  353  | 223.06036005557903 |  54.7851327519005  | 168.27523082703203 |
|  354  | 222.5250576544795  | 54.694551772399656 | 167.83050392617392 |
|  355  | 223.96930942358415 | 54.69388068882363  | 169.27542550275078 |
|  356  | 223.91356920509602 | 54.787366274847976 | 169.1262016541442  |
|  357  | 223.89516479651928 | 54.28888562347898  | 169.60627144653117 |
|  358  | 222.65189320366636 | 54.619310452998775 | 168.0325861769065  |
|  359  | 224.57573701584874 | 54.65550967190852  | 169.92022020011865 |
|  360  | 219.92852453921142 | 54.60762059141164  | 165.32091285329815 |
|  361  | 221.23393628167844 | 54.46135311775652  | 166.77258238700523 |
|  362  | 223.1944683872743  | 54.55789457035723  | 168.6365758699376  |
|  363  | 223.75237831262757 | 54.733926450414884 | 169.0184473677133  |
|  364  | 221.7675114045562  | 54.62134421305687  | 167.14616405660414 |
|  365  | 222.40149888214032 | 54.37247200565851  | 168.02903597620934 |
|  366  | 223.76294131917723 | 54.44851004677445  | 169.31443303407954 |
|  367  | 222.77673928339993 | 54.46432012630139  | 168.31242698072225 |
|  368  | 222.41891044201012 | 54.51714308432616  | 167.90176549889262 |
|  369  | 224.65922747876795 | 54.86880517578851  | 169.79043746465393 |
|  370  | 223.36146880863905 | 54.33952562167421  | 169.02194161951726 |
|  371  | 224.32185227990632 | 54.32541752519592  | 169.99644033108441 |
|  372  | 223.6407531077539  | 54.50721815509964  | 169.1335446350693  |
|  373  | 223.23426694323157 | 54.705449180775474 | 168.52883243855766 |
|  374  | 222.4702145642052  | 54.60560882826122  | 167.86461013332877 |
|  375  | 223.09010006716045 | 54.15457307342231  | 168.93552689662354 |
|  376  | 223.59463588470453 | 54.929896687542346 | 168.66473577092324 |
|  377  | 220.8674084166246  | 54.796095915927566 | 166.07131885398775 |
|  378  | 223.52824786683362 | 54.17505284068189  | 169.3531860235388  |
|  379  | 223.1714779520046  | 54.53298144870334  | 168.63851518832925 |
|  380  | 220.9706066747861  | 54.71042998643141  | 166.26017502379253 |
|  381  | 223.90994376328456 | 54.516653985316886 | 169.39327833387586 |
|  382  | 222.64469197736364 | 54.39422358645163  | 168.2504755347336  |
|  383  | 222.94162509000617 | 54.54101801202208  | 168.40060316617223 |
|  384  | 223.5725548703586  | 54.367575519969286 | 169.20497964173308 |
|  385  | 221.67627331781125 | 54.301548406222935 | 167.37472471735916 |
|  386  | 224.21083694011463 | 54.73563101380716  | 169.4752021116102  |
|  387  |  223.642777189935  | 54.22378730910068  | 169.41898811915758 |
|  388  | 222.7801179597697  |  54.4868288242105  | 168.2932893297884  |
|  389  | 222.03956689319526 | 54.33045211327294  | 167.70909795368567 |
|  390  | 222.92701340720055 | 54.44445705935696  | 168.4825583037495  |
|  391  | 222.0800339859666  | 54.44994471874686  | 167.63008163782519 |
|  392  | 223.80115277591898 | 54.671419818486996 | 169.12973882514976 |
|  393  | 221.62348462762137 | 54.17291168822806  | 167.45057460395546 |
|  394  | 222.79320166526793 | 54.765806517146075 | 168.02739348355968 |
|  395  | 223.36081070211313 |  54.7728814282305  | 168.5879273179767  |
|  396  | 223.19824819226733 | 54.528709932590935 | 168.66954941242443 |
|  397  | 224.30037536548485 | 54.27386056653607  | 170.02651861364603 |
|  398  |  221.81032953074   | 54.18384891812245  | 167.6264845244294  |
|  399  | 222.12913747710783 | 54.703157694941616 | 167.42599103202883 |
|  400  | 220.05053339905322 | 54.28449370161624  | 165.76603764441646 |
|  401  | 222.39494225345223 | 53.92593224230704  | 168.46901020537436 |
|  402  | 221.94606525966617 | 54.56916747727395  | 167.37688848843553 |
|  403  | 223.52652069026448 | 54.42243825824891  | 169.10407861731832 |
|  404  | 222.74768082017192 | 54.37637453353776  | 168.3713010016039  |
|  405  | 223.81748089641724 | 54.37362053540103  | 169.44384940249734 |
|  406  | 221.46893272790177 | 54.781885663980304 | 166.68705107284788 |
|  407  | 221.37809859790207 | 54.200798260663596 | 167.17729710522875 |
|  408  | 223.47570970686397 | 54.416882711224915 | 169.05882846597203 |
|  409  | 224.81024916342773 | 54.15145543016992  | 170.6587865894362  |
|  410  | 221.30364069551788 | 54.66350182390996  | 166.64013143644257 |
|  411  | 221.71440939911201 | 54.45372325761983  | 167.26068809739812 |
|  412  | 223.82088372618307 | 54.32222505379313  | 169.49866845191957 |
|  413  | 223.12007035830177 | 54.65225807315192  | 168.46781727883635 |
|  414  | 224.90711493336698 | 54.35590884426279  | 170.55119943085552 |
|  415  | 222.2626552867685  | 54.307441635186294 | 167.95521570460275 |
|  416  | 222.50810973961353 | 54.32452682832749  | 168.18357791759954 |
|  417  | 223.68374982312437 | 54.52938742300683  | 169.15435672662895 |
|  418  | 222.92611842458373 | 54.48281660948995  |  168.443295947376  |
|  419  | 221.57843703733522 | 54.32869482301344  | 167.24973497338559 |
|  420  | 222.23588868784898 | 54.245547650174075 | 167.99033770855058 |
|  421  | 222.75670263093906 | 54.26999612028134  | 168.48670298730423 |
|  422  | 224.2145001749297  | 54.09527390121761  | 170.1192432941779  |
|  423  | 222.49164554615007 | 54.27245667171909  | 168.2191922035553  |
|  424  | 219.11874902631283 | 54.310350478447084 | 164.80840970061377 |
|  425  | 222.14213278473432 |  53.9303137502187  | 168.21183009014905 |
|  426  | 221.61956467629614 | 54.01268493939149  | 167.60688316314355 |
|  427  | 222.30875375127326 | 53.90320990501402  | 168.4055477580711  |
|  428  | 221.21439113067837 | 54.44578210620576  | 166.76861792997096 |
|  429  | 221.85606448173297 | 53.86492504507424  | 167.9911317101496  |
|  430  |  222.055964849065  | 53.86018401896304  | 168.19577505949874 |
|  431  | 220.1461510958911  | 54.40436258799344  | 165.74178831366848 |
|  432  | 220.84605061006692 |  54.1664911524727  | 166.67955574001155 |
|  433  | 222.18948134087165 | 53.83615802453581  | 168.35332478666885 |
|  434  | 222.07469707292063 | 54.02647375759839  | 168.0482290859254  |
|  435  | 219.70916039745723 | 54.059565524841645 | 165.64959066945997 |
|  436  | 221.7441660563151  | 53.90191628880198  | 167.84225319375204 |
|  437  | 221.69561407437303 |  54.3683291364221  | 167.32728112325367 |
|  438  | 219.73806812432503 | 54.21768956135603  | 165.52037875719816 |
|  439  |  221.153618423422  | 54.31272350059871  | 166.84090764301888 |
|  440  | 221.3110574835288  | 53.97407775250838  | 167.33697425176098 |
|  441  | 222.16961080336498 | 54.06829447159732  | 168.10131985512115 |
|  442  | 222.49400104138786 | 54.02484408044373  | 168.4691549079236  |
|  443  | 223.03781591538387 | 54.17509976790231  | 168.86271419157563 |
|  444  | 222.2811876941856  | 54.10166262876922  | 168.17951900346944 |
|  445  | 218.25927180005004 | 54.32385064578187  | 163.93542692487136 |
|  446  | 218.7844516192338  | 54.13703773329719  | 164.64741603607172 |
|  447  | 219.86585936817474 | 54.09133513507575  | 165.77452247142224 |
|  448  | 220.2596505868727  | 53.80897255225208  | 166.45068018475573 |
|  449  | 222.36293625542302 | 53.81639182621486  | 168.54654814679085 |
|  450  | 219.8577882819819  |  53.849314666719   | 166.00847165935696 |
|  451  | 218.16267507200493 | 53.92207255738989  | 164.24060408206262 |
|  452  | 221.0584290618134  | 54.21200310477693  | 166.84642057489162 |
|  453  | 221.77569963090792 | 54.09749986919482  | 167.6782048525142  |
|  454  | 221.68625305233869 |  53.9100701302368  | 167.77616971633333 |
|  455  | 221.98503194478135 | 53.782381617282645 | 168.20266206293425 |
|  456  | 220.08847455413405 | 53.86839651488532  | 166.22008419831027 |
|  457  | 220.7567108067166  |  53.8778279631472  | 166.87887531128945 |
|  458  | 221.21310000404867 | 53.35685928566184  | 167.85624110684518 |
|  459  | 218.3737674035148  | 53.559735796663155 | 164.81402407457168 |
|  460  | 217.65351571067868 | 54.121822741098015 | 163.53168514595694 |
|  461  |  220.643799655868  | 53.898438841451956 | 166.74536619656092 |
|  462  | 220.3843466272928  | 53.71939255730073  | 166.66494702328507 |
|  463  | 218.77254792312596 | 53.64756859128826  | 165.1249830494204  |
|  464  | 219.0396914031714  | 53.58498007633446  | 165.4547058475775  |
|  465  | 220.10693129204353 | 53.66806046247426  | 166.4388685823196  |
|  466  | 219.31411500286833 | 53.854822114794246 | 165.45929856156272 |
|  467  | 216.08521054558545 | 53.83272069277095  | 162.2524970937507  |
|  468  | 218.33710836428222 |  53.7128650611734  | 164.62424086162994 |
|  469  | 219.94919858284007 | 53.357528279005216 | 166.59166668336675 |
|  470  | 219.91775149287085 | 53.27374048843402  |  166.644015304707  |
|  471  | 217.7691835434755  | 53.34285247243645  | 164.42632324741535 |
|  472  | 219.16794479264834 | 53.455429893092486 | 165.71251871425312 |
|  473  | 219.4504591265435  | 53.42518728720469  | 166.02527878893122 |
|  474  | 221.8297309303692  | 53.60619842180773  | 168.22354121983065 |
|  475  | 217.1806013210314  | 53.714751856910766 | 163.46585200271406 |
|  476  | 215.96305903439972 | 53.474033374772766 | 162.48902937720965 |
|  477  | 222.7384104214763  | 53.32833558798914  | 169.41007816261148 |
|  478  | 218.0884012407897  | 53.34413422523951  | 164.74426066225948 |
|  479  | 219.72345302526423 | 53.10436578968891  |  166.619090953158  |
|  480  | 218.68572131094976 |  53.1122570260207  | 165.57345733533666 |
|  481  | 219.9875245658154  | 52.984888288709854 | 167.0026264975759  |
|  482  | 217.90724361473227 | 53.45260217953886  | 164.4546380089545  |
|  483  | 218.51879264546554 | 53.19877304941196  | 165.3200248810838  |
|  484  | 219.04128325464836 | 52.79115756568301  | 166.2501218742681  |
|  485  | 218.56938809257107 | 52.88020935258269  | 165.68918960139266 |
|  486  | 216.43807141133613 | 52.99025526098941  | 163.4478161503467  |
|  487  | 220.31498400960228 | 52.628475240942926 | 167.6865104332215  |
|  488  | 216.63203167694112 | 52.932033065952005 | 163.69999714065614 |
|  489  | 215.2774935424427  |  53.2147706508523  | 162.06272103279906 |
|  490  | 218.1040759053708  | 52.72056156188398  | 165.38351405214306 |
|  491  | 215.36320035990266 |  52.7582198094675  |  162.604978885873  |
|  492  | 217.08031259773176 |  52.7207809655178  | 164.35952047946594 |
|  493  | 217.39605802562787 | 52.74957931594794  | 164.64647479786805 |
|  494  | 215.63860633445302 | 52.82639826180792  | 162.8122166867997  |
|  495  | 218.91281892865888 | 52.64375751721357  | 166.26906698781934 |
|  496  | 216.46950721060014 | 52.64919358879051  | 163.82031068114364 |
|  497  | 215.11095564064172 | 52.393142240943156 | 162.7178094878867  |
|  498  | 214.48729674770183 |  52.4201056212435  | 162.0671913206875  |
|  499  | 215.83690697585803 | 52.56075242482961  | 163.27616374787053 |
|  500  | 217.4465478338459  | 52.10114268997922  | 165.34539947037806 |
|  501  | 215.63855322457312 | 52.430558668668006 |  163.208011090798  |
|  502  | 218.33081542620226 |  52.240960983614   | 166.0898400578305  |
|  503  | 215.61232918941943 | 52.26804118459349  | 163.3442955371059  |
|  504  | 215.31013634350649 | 52.19125869028517  | 163.11887393563865 |
|  505  | 215.35792851544494 | 52.26104521042331  | 163.0968870226043  |
|  506  | 213.5988752867476  | 52.106469444113344 | 161.49240026626023 |
|  507  | 216.31300059937308 | 51.772972789458535 | 164.54003543930907 |
|  508  | 214.59677507399152 | 52.20535709436468  | 162.39141856231436 |
|  509  | 214.4913805086443  | 51.88259874081118  | 162.60877824447962 |
|  510  | 214.21319587702075 | 52.03272233881781  | 162.18048077913912 |
|  511  | 216.09938655238818 | 51.34991472776578  | 164.74946448657164 |
|  512  | 215.78021857774232 | 51.77485388266368  | 164.0053578426008  |
|  513  | 215.86906008342604 | 51.340320353901674 | 164.52875626441724 |
|  514  | 215.76272870539597 | 51.360048330825705 | 164.4026694160514  |
|  515  | 214.2359818416126  | 51.39067608227254  | 162.84530223598657 |
|  516  | 214.74438337516196 | 51.65662579986841  | 163.08776080730328 |
|  517  | 213.93034892838938 | 51.66839473723458  | 162.26196044733092 |
|  518  | 214.20227539803113 |  51.363204319818   | 162.83905219895595 |
|  519  | 215.32985737900663 | 51.52608365465736  | 163.80377461199473 |
|  520  | 217.15273859794158 |  51.3277313337705  | 165.82500482269222 |
|  521  | 215.61423585915776 | 51.28073546513755  | 164.3335024470407  |
|  522  | 212.98606773447258 | 51.15652688639294  | 161.82953536882022 |
|  523  | 213.54051571178232 | 51.13652006263197  | 162.40399232002602 |
|  524  | 213.45430439584402 | 51.17974186783145  | 162.27456976894874 |
|  525  | 212.31382701727654 | 51.327161408196794 | 160.98667128256835 |
|  526  | 213.94712943586032 | 51.20671451486011  | 162.74041677979156 |
|  527  | 213.30511595866466 | 50.914385403277564 | 162.39074093121846 |
|  528  | 213.77892873629258 | 51.22332098845383  | 162.55560745649498 |
|  529  | 212.32986740994505 | 51.07201657691173  | 161.25785298316842 |
|  530  | 215.57535245297723 | 51.052909969971516 | 164.52244463314082 |
|  531  | 215.28137658296413 | 50.67191768503745  | 164.60944383336678 |
|  532  | 211.79797506684096 | 51.185761893047996 | 160.61221493546972 |
|  533  | 213.64999560642718 | 51.08685209613285  | 162.5631358808998  |
|  534  | 213.05197950967175 | 50.91589963569432  | 162.13607205035373 |
|  535  | 214.14611198503349 | 50.77136724300961  | 163.37475060974165 |
|  536  | 213.79147716797223 | 50.73520010095706  | 163.05626024077853 |
|  537  | 214.95393541850223 | 50.75452924188818  | 164.19940627372864 |
|  538  | 214.2265825727682  | 50.75582328286308  | 163.47075537809326 |
|  539  | 211.72838627200113 | 50.537923523791484 | 161.19046402431346 |
|  540  | 212.2968805255477  | 50.713314866894855 | 161.58355988804965 |
|  541  | 213.55815573961655 | 50.55850963061576  | 162.99964816202132 |
|  542  | 211.96125980425302 | 50.60642761132446  | 161.3548246606486  |
|  543  | 214.0146137194891  | 50.46810842473649  | 163.54649844227478 |
|  544  | 212.90133603822326 | 50.46117165597484  | 162.44017749090239 |
|  545  | 210.6755299646458  | 50.75621571927702  | 159.91932011308654 |
|  546  | 212.37129705167231 |  50.5359528274046  | 161.83534108937255 |
|  547  | 212.3736394990662  | 50.59799323489261  | 161.77564450249682 |
|  548  | 210.96979314498665 |  50.5531737549714  | 160.41661782256767 |
|  549  | 212.63967542627893 | 50.46780636206769  | 162.17187317025227 |
|  550  | 212.7742125397491  | 50.501052460726065 | 162.27316673727168 |
|  551  | 212.8520079455488  | 50.01761023906932  | 162.83439780359407 |
|  552  | 210.92496787267953 | 50.03421982214503  | 160.89074472141016 |
|  553  | 211.57996884476933 | 50.27421081800731  | 161.30576331179228 |
|  554  | 211.6729119913708  | 50.61417901082008  | 161.0587366010188  |
|  555  | 212.7133713984756  | 50.13683884806954  | 162.57652854147963 |
|  556  | 212.36579399825902 |  50.4014664812653  | 161.96432037317211 |
|  557  | 213.09025630002472 | 49.915292029661025 | 163.17496750237345 |
|  558  | 211.7961479911287  | 50.391172997644624 | 161.40497284334896 |
|  559  | 212.94199159501025 | 50.499748048457874 | 162.44224521111454 |
|  560  | 209.3872518636997  |  50.2948941392556  | 159.09235762732953 |
|  561  | 211.5652930155102  | 49.76753928642627  | 161.79775930545796 |
|  562  | 211.1661370853966  | 50.09321740182445  | 161.0729178247808  |
|  563  | 210.84943023398466 | 50.205717251523744 | 160.64371073521122 |
|  564  | 212.4428397375375  | 49.98281891391926  | 162.46001730026475 |
|  565  | 212.79448646038963 | 50.24726455801021  | 162.54722209660858 |
|  566  | 213.11806063818813 | 50.24816971496829  | 162.86988867597015 |
|  567  | 210.69998347926588 |  50.1853532602808  | 160.51462679274616 |
|  568  | 212.0687531664801  | 50.214161630758014 | 161.85458791525397 |
|  569  | 211.19705968035876 | 49.76378697121452  | 161.43326860310322 |
|  570  | 211.7052446683475  | 50.07998216308187  | 161.6252660286191  |
|  571  | 210.6478435726016  | 49.993997905585076 | 160.65383774627824 |
|  572  | 210.5584514108749  |  50.0037746542895  | 160.55468076551185 |
|  573  | 213.84301761805997 | 49.60419389505543  | 164.23882294608785 |
|  574  | 211.18025890044476 | 50.047014243257294 | 161.13324270128155 |
|  575  | 210.60296255470655 | 49.924712067412784 | 160.67825420487645 |
|  576  | 211.1132142717941  |  49.8934228957451  | 161.21979685530843 |
|  577  | 208.68444788277276 | 49.747769385952054 | 158.93668955245417 |
|  578  | 209.49512529429896 |  49.6633667856235  | 159.83175029659338 |
|  579  | 210.76342308739666 | 49.588576021632385 | 161.17484931301397 |
|  580  | 212.32024441087583 | 49.31673294165405  | 163.00351538103362 |
|  581  | 209.3709747546802  | 49.77067149686666  | 159.60030159325137 |
|  582  | 210.24989579151054 | 49.849162028002056 | 160.40074443068357 |
|  583  | 211.08549232310463 | 50.08842112114394  | 160.99706934316936 |
|  584  | 211.78588114594834 | 49.64530729629186  | 162.14056817616787 |
|  585  | 208.40670995283432 | 49.72981004807996  | 158.67689099925602 |
|  586  | 211.1587181191146  | 49.34771222884446  | 161.8110098991966  |
|  587  | 209.4823247023262  | 49.35169267620383  | 160.1306265468629  |
|  588  | 211.2415149333844  | 49.57748472988393  | 161.6640302035005  |
|  589  | 211.43392542081875 | 49.37429881453259  | 162.05961692387112 |
|  590  | 208.31790972175753 | 49.23139629323171  | 159.08650794926638 |
|  591  | 210.15170426406152 | 49.69132981537468  | 160.4603683867399  |
|  592  | 208.82770018993943 | 49.197745308432445 | 159.62996202532858 |
|  593  | 207.8054629390988  |  49.2852330476705  | 158.52023370612557 |
|  594  | 209.33753949858988 | 49.42582720425933  | 159.91170857674786 |
|  595  | 208.4487077130779  |  49.3187360007962  | 159.1299680918136  |
|  596  | 208.61705171747093 | 49.491704211528884 | 159.12534183245342 |
|  597  | 210.52930552636673 | 49.26795731026475  | 161.26134048959287 |
|  598  | 210.28183628166684 | 48.95040679993358  | 161.33142175522414 |
|  599  | 209.97233327774384 | 49.300581739427024 | 160.67175701757625 |
|  600  | 208.7908058030362  | 49.31360982004983  | 159.4771943184242  |
|  601  | 209.62977324183316 | 49.00839544437398  | 160.62138161215645 |
|  602  | 209.6202464098026  | 48.970155425960044 | 160.65008893082205 |
|  603  | 207.9516776659192  | 49.34453458511458  | 158.60713221940034 |
|  604  | 209.3827036045972  | 49.30834964477191  | 160.07435072781556 |
|  605  | 208.94682069497537 |  48.7959436756527  | 160.15088083401992 |
|  606  | 207.74194738917654 | 49.38329108340554  | 158.3586578732186  |
|  607  | 209.73898970000153 | 49.13113793684646  | 160.60785538362316 |
|  608  | 207.87886902697733 | 49.12814391864756  | 158.75072863168327 |
|  609  | 208.00628283090202 | 49.069891200586355 |   158.9363864424   |
|  610  | 208.33776584273997 | 49.10693056595317  | 159.23083380645383 |
|  611  | 208.46319209045947 | 49.15018565785791  | 159.31300672394534 |
|  612  | 208.94909347036807 | 48.85475401931679  | 160.09433348621891 |
|  613  | 208.2359091962714  | 48.60594835174727  | 159.62996338311757 |
|  614  | 209.6857970603273  | 48.907928246246925 | 160.77787468179815 |
|  615  | 210.27478507289482 | 48.685531300361625 | 161.5892645368229  |
|  616  | 207.77107557523203 | 48.536765733673946 | 159.23432147987904 |
|  617  | 210.01633640518932 | 48.56021389994144  | 161.45611291994743 |
|  618  | 207.17001636113946 | 48.81720943936501  |  158.352797336474  |
|  619  | 207.0047268991155  | 48.68958084248033  | 158.31514586240598 |
|  620  | 209.65782885082896 | 48.74297523543916  | 160.91485175659847 |
|  621  | 207.03077959872527 | 49.26599149048229  | 157.7647780373696  |
|  622  | 206.80718283661201 | 49.03566749204263  | 157.77150399759216 |
|  623  | 209.60255077433763 | 48.38366225535547  | 161.21889996307394 |
|  624  | 209.05272008917203 | 48.61332292032616  | 160.43939531005452 |
|  625  | 209.29023840334935 | 48.75497510584655  | 160.53527220300117 |
|  626  | 208.35702365073823 | 48.53351272993249  | 159.82350720322304 |
|  627  |  207.008965742069  | 48.58168849268897  | 158.42727157589144 |
|  628  | 206.35444545269354 | 48.33336741238471  | 158.0210739342678  |
|  629  | 207.94382055492704 | 48.536807023710274 | 159.40700648450976 |
|  630  | 208.3814703909352  | 48.711624944207216 | 159.66984505826963 |
|  631  | 208.59316877555258 | 48.26541999927623  |  160.327746917485  |
|  632  | 208.8713641896181  | 48.73179203517205  | 160.13958291873573 |
|  633  | 206.80600529229844 | 48.73761602506563  | 158.06837840582853 |
|  634  | 208.18985857023048 | 48.67544964180655  | 159.51440921976769 |
|  635  | 207.64999685167217 | 48.25886277156361  | 159.39112439769352 |
|  636  | 209.10087535348984 | 48.38108137168403  | 160.71979231724364 |
|  637  | 205.1978235455771  |  48.4023789163717  | 156.7954574465156  |
|  638  | 207.67333209273534 | 48.31404661786236  | 159.35928566910215 |
|  639  | 208.87314375723767 | 48.231924752692166 | 160.64122096045142 |
|  640  | 205.98047602179503 | 48.516296490186626 | 157.4641938192516  |
|  641  | 206.35042830691177 | 48.39802110986485  | 157.95240191201665 |
|  642  | 207.2346467139067  | 48.82071095116502  | 158.41394672126054 |
|  643  | 205.11346122238882 | 48.194604760659416 | 156.91885694730234 |
|  644  | 206.86946071830783 | 48.230651310900974 | 158.63880754861552 |
|  645  | 206.89286501419537 | 48.37114411616592  | 158.52173753003692 |
|  646  | 207.38914601200966 | 48.371395885277835 | 159.01776333250035 |
|  647  | 205.81755301171248 | 48.31842789796316  | 157.4991308843525  |
|  648  | 205.38519390940297 | 48.67606460041243  | 156.70912921187596 |
|  649  | 208.2835751700736  | 48.15683829838283  | 160.12673148954593 |
|  650  | 205.09853474673503 | 48.383899817601744 | 156.71464862047478 |
|  651  | 204.39305713044556 | 48.414873400444705 | 155.9781756150334  |
|  652  | 205.68626291990677 | 48.54619763392708  | 157.14007086235372 |
|  653  | 207.73327193803627 | 48.477181684451814 | 159.2560828184191  |
|  654  | 206.20051751510036 | 48.51939741157788  | 157.68111952083495 |
|  655  | 205.51287373105544 | 48.19710057104539  | 157.31577678047813 |
|  656  | 205.54364777155897 | 48.203227473133495 | 157.34041100446876 |
|  657  | 206.79586263035355 | 48.18630536261156  | 158.60955922364792 |
|  658  | 206.62339087483318 | 47.98741279963281  | 158.63598355445978 |
|  659  | 204.43242273686926 | 48.36842940314849  | 156.06398795157594 |
|  660  | 208.00240134784445 | 47.98016692331057  | 160.02223833634574 |
|  661  | 205.42001636840035 | 48.56280529649377  | 156.8572225159984  |
|  662  | 206.25552912731837 | 48.075308002632575 | 158.18022327482092 |
|  663  |  208.776598327477  | 47.99765322056947  | 160.77895410952044 |
|  664  | 205.16234392397126 | 48.115392011033904 | 157.0469558247492  |
|  665  | 206.33835829617493 | 48.07408426626506  | 158.26428078527312 |
|  666  | 204.7333126753363  | 47.98951297971484  | 156.74379959850688 |
|  667  | 204.9324699036995  | 47.92964626260522  | 157.00282393243805 |
|  668  | 204.9725133082199  | 47.974721673951386 | 156.99779221695604 |
|  669  | 206.69516364421386 | 47.94380932321669  | 158.75134678871723 |
|  670  | 205.36460268001116 | 48.026114234860785 | 157.33848854226497 |
|  671  | 205.8186151911581  | 47.80177166993465  | 158.01685428551315 |
|  672  | 206.71357601437148 | 47.79695660801919  | 158.91661950346688 |
|  673  | 204.72851968384515 | 48.029967235208495 | 156.69855235152207 |
|  674  | 205.7248496201502  | 48.10018426884704  | 157.62466153660588 |
|  675  | 207.1388643760781  | 47.50751067421818  | 159.6313560462242  |
|  676  | 206.52951184131405 | 47.805859853675074 | 158.7236504201914  |
|  677  | 206.24630825161623 | 47.857634445215844 | 158.38867566519173 |
|  678  | 205.39769581321193 | 48.08047866095199  | 157.3172194966242  |
|  679  | 204.26245091411292 | 48.24862107543074  | 156.01383160035894 |
|  680  | 203.83540189581032 | 47.95124700901595  | 155.88414872773285 |
|  681  | 205.4797563173928  | 47.66448060733887  | 157.81526798354483 |
|  682  | 204.70490603795258 | 47.917918680623515 | 156.78699459826524 |
|  683  | 204.7901191720502  | 47.82206359307822  | 156.96806272279358 |
|  684  | 204.1228770533545  | 47.748519711400284 | 156.3743518626948  |
|  685  | 205.00935136503247 | 47.58077231730957  | 157.42858100362884 |
|  686  | 205.6907247669947  | 47.73497303797749  | 157.9557623961923  |
|  687  | 205.96852086040198 | 47.66846500372223  | 158.30004880997274 |
|  688  | 206.15324510042933 | 47.44682420471467  | 158.70640945162287 |
|  689  | 204.39388038259503 | 47.88125783614876  |  156.512617261416  |
|  690  | 206.64036357842426 | 47.460085137072504 | 159.1802846004133  |
|  691  | 206.25193686057577 | 47.73448973861502  | 158.5174432101489  |
|  692  | 204.9296287592893  | 47.652411250083354 | 157.2772265118189  |
|  693  | 206.04682973189608 | 47.748690017711084 | 158.29814147586174 |
|  694  | 205.36650470277112 | 47.507144038517815 | 157.85935146741122 |
|  695  | 204.85081297143594 | 47.40124936572376  | 157.44956722618028 |
|  696  | 204.58462862046082 | 47.91855680605017  | 156.66606819394258 |
|  697  | 204.65647162819317 | 47.776723441923345 | 156.87974241566664 |
|  698  | 204.31091801246063 | 47.31255202619002  | 156.99835874533443 |
|  699  | 205.7765567333903  | 47.353636718720956 | 158.42291815587802 |
|  700  | 204.4581734409736  | 47.94404751988442  | 156.51412142658984 |
|  701  | 206.00424452098017 | 48.03615763208397  | 157.9680885534584  |
|  702  | 206.48999084792135 | 47.69438028709962  | 158.7956172190704  |
|  703  | 205.3272980048547  | 47.35826250339956  | 157.96903873346488 |
|  704  | 205.9381128093784  | 47.583558859724164 | 158.35455179951913 |
|  705  | 204.3178390513821  | 47.67449952533295  | 156.64332808195735 |
|  706  | 205.64796432142964 | 47.600961352540516 | 158.0470080596902  |
|  707  | 204.65997119134818 | 47.429294547154285 | 157.2306599150718  |
|  708  | 204.49671423415356 | 47.25230569996041  | 157.2444141105672  |
|  709  | 205.21307493577876 | 47.32715567299051  | 157.88592445070393 |
|  710  | 204.59933914957855 | 47.60924856134633  | 156.9900772853491  |
|  711  | 207.3038336104675  | 47.42539059341507  | 159.87844878765563 |
|  712  | 206.68353669744943 |  47.2885214519478  | 159.39500986335676 |
|  713  | 203.82498685558608 | 47.75784480557565  | 156.06713480907425 |
|  714  | 203.99788733479411 | 47.50132340588457  | 156.49656383179496 |
|  715  | 205.1736471941719  | 47.51218111890003  | 157.66146177500167 |
|  716  | 204.33217018376126 | 47.55467581357554  | 156.77749437018574 |
|  717  | 203.08504694290397 | 47.39322218167734  | 155.69182514968497 |
|  718  | 205.56422351707369 | 47.26715546598214  | 158.29706150357165 |
|  719  | 204.34785837177546 | 47.30203263135062  | 157.04582564331025 |
|  720  | 201.47928467450356 | 47.29883014625406  | 154.18045609569708 |
|  721  | 206.06539966729378 | 47.775270903589835 | 158.29013991645198 |
|  722  | 203.44414407175097 | 47.484984417628766 | 155.95916424573616 |
|  723  | 202.13565796827834 | 47.55172589447508  | 154.5839260118563  |
|  724  | 204.19492555918254 | 47.38706274529511  | 156.80786701704304 |
|  725  | 203.63546073672148 | 47.256282885358814 | 156.37918714531938 |
|  726  | 203.26250115230542 | 47.333363731106544 | 155.9291285157005  |
|  727  | 204.12539780312937 | 47.56949106670691  | 156.55590116004845 |
|  728  | 203.7765730087059  | 47.406509068135335 | 156.37007108439215 |
|  729  | 204.9043712193927  | 47.18521037023464  | 157.71916065492886 |
|  730  | 203.3662838333424  | 47.52631936355798  | 155.8399644697844  |
|  731  | 205.19705848230964 | 47.48212812243545  | 157.71492869531204 |
|  732  | 205.1150791840754  | 47.737182870411516 | 157.37788301078075 |
|  733  | 205.94440229489865 | 47.21211184043984  | 158.73228654264696 |
|  734  | 203.5619019121038  | 47.19020299482652  | 156.37169481123627 |
|  735  | 204.85972711389303 |  47.3254507855804  | 157.53427427529212 |
|  736  | 205.95489177390732 | 47.290680088657666 | 158.66421530571773 |
|  737  | 202.5137940796392  | 47.380881558875934 | 155.13292015015782 |
|  738  | 203.19434034123807 | 47.410164331385786 | 155.78417562139396 |
|  739  | 205.00995913897415 | 47.17529766292422  | 157.8346566765926  |
|  740  | 204.38798920483694 | 47.04872937943293  | 157.33926549889262 |
|  741  | 204.80999377566295 | 47.24986654549816  | 157.56012674459186 |
|  742  | 204.22227277626402 | 47.29780015530201  | 156.9244633270053  |
|  743  | 205.5439035187385  | 47.39719498965844  | 158.14669766767577 |
|  744  | 203.13435226901498 | 47.18709328229615  | 155.9472554633653  |
|  745  | 204.5370092543993  | 46.936786726943204 | 157.6002190041026  |
|  746  | 202.4764099774575  | 47.29485309608999  | 155.18156098740855 |
|  747  | 204.2408166413871  | 47.08370059074858  | 157.15711595352394 |
|  748  | 204.17463196875394 | 47.181541280408375 | 156.99309636183418 |
|  749  | 204.68218462642477 | 47.19063016286555  | 157.49155612812137 |
|  750  | 203.19894297724815 | 47.45233148669675  | 155.7466094375309  |
|  751  | 202.5421552165701  | 47.14341130098955  | 155.39874596860108 |
|  752  | 203.96464505174063 | 46.906811989405995 | 157.05783168911623 |
|  753  | 203.44955960223143 | 47.13431586284397  | 156.31525117455283 |
|  754  | 205.69778555289864 | 47.26106603378742  | 158.4367117926021  |
|  755  | 202.82926226445048 | 47.54347981052004  | 155.2857863657423  |
|  756  | 205.5463701058024  | 47.04215924818686  | 158.50421848701006 |
|  757  | 203.4378249726351  | 47.12045362147155  | 156.3173825039116  |
|  758  | 205.4510457567337  | 47.01879385803644  | 158.43224074594923 |
|  759  | 204.03705966322303 | 46.85880245687052  | 157.17826826198595 |
|  760  | 203.71192452909264 | 46.765203260394074 | 156.9467302713115  |
|  761  | 203.85427911628182 | 47.11946100692876  | 156.7348257387476  |
|  762  | 202.97385413936567 | 46.85977971369444  | 156.11407872594143 |
|  763  | 204.65584504488052 | 46.89583610336808  | 157.7600126590951  |
|  764  | 202.15041982835456 | 47.11326852163587  | 155.0371527770517  |
|  765  | 201.92882344883282 | 47.01293111488475  | 154.9158885192508  |
|  766  | 204.13256497942433 | 46.67634744528444  | 157.45621224910963 |
|  767  | 202.35989142451263 | 46.98193113684172  | 155.37795686143198 |
|  768  | 201.43878556477748 | 47.168861600633974 | 154.26992592004945 |
|  769  | 202.95041662484385 |  46.9786877447215  | 155.97172702133102 |
|  770  | 204.25102234249763 | 47.01444848854996  | 157.23657180092715 |
|  771  | 203.17138265990485 | 47.020814975046015 | 156.1505601525789  |
|  772  | 203.74249793267552 | 47.072297336996776 | 156.67019463084637 |
|  773  | 202.87066869669917 | 46.89630127769977  | 155.97435059276276 |
|  774  | 201.88506628812962 | 47.134916414909355 | 154.75014811154352 |
|  775  | 203.81551026174802 | 46.95336848442083  | 156.86214353900394 |
|  776  | 202.10738510215336 | 46.88135076482438  | 155.22603942813006 |
|  777  | 202.87353910981204 | 47.09229968985631  | 155.78123599371682 |
|  778  | 202.7196773662472  | 46.963701838571176 | 155.75597366888468 |
|  779  | 203.05177349968238 | 47.31352534941937  | 155.7382517707311  |
|  780  | 204.07413788168537 | 47.45475481692706  | 156.61938805844483 |
|  781  | 201.20750865804675 | 47.121443547664754 | 154.08607254554735 |
|  782  | 202.51609698052127 | 46.78113345341997  | 155.73496519166346 |
|  783  | 202.25379602585184 | 46.96738715742475  | 155.28640143326172 |
|  784  | 202.7179734390916  | 46.455648551576054 | 156.2623208785891  |
|  785  | 203.16060791814326 | 46.87602988929939  | 156.28458370233247 |
|  786  | 201.74587616976063 | 46.96714546916997  | 154.7787238481128  |
|  787  | 202.54705648991768 | 46.677546176007326 | 155.86951031391035 |
|  788  | 202.8354485543773  |  46.6241280262793  | 156.21131651917156 |
|  789  | 204.59615603112732 | 46.881024695792824 | 157.7151241915129  |
|  790  | 203.53531671960155 | 46.707842071482375 | 156.82747170745318 |
|  791  | 201.67099000112574 | 46.76196104000218  | 154.90903444038298 |
|  792  | 202.15036537520749 | 47.11298499696175  | 155.03739309844136 |
|  793  | 203.38055980100594 | 46.819305426275164 | 156.56126004821937 |
|  794  | 202.27283493938714 | 46.90930705464173  | 155.36352788474542 |
|  795  | 202.16340371094913 | 46.822198167574456 | 155.34121336699837 |
|  796  | 201.90935592778433 | 46.80366975002393  | 155.1056898953431  |
|  797  | 201.02457037523422 | 46.79611250618484  | 154.22846578978766 |
|  798  | 201.97209176193553 | 46.972350864560156 | 154.99973747113646 |
|  799  | 202.49090288277046 | 46.73793083425082  | 155.75298701596492 |
|  800  | 202.38045818465906 | 46.550527997848505 | 155.82992412486362 |
|  801  | 202.02735242677988 | 46.57506855255134  | 155.45228974194632 |
|  802  | 201.71091049669926 | 46.99177620883445  | 154.71912989048002 |
|  803  | 201.07472891561366 | 46.942063271928454 | 154.13267151140298 |
|  804  | 202.2593355035884  | 46.91181307295065  | 155.34752233352316 |
|  805  | 203.03017536447413 | 46.66033582485434  | 156.36983973384895 |
|  806  | 202.10551415969155 | 47.16191694017765  |  154.943602310315  |
|  807  | 202.40589189586146 | 46.563934334340395 | 155.8419522764908  |
|  808  | 202.85916185254231 | 46.62496879445125  | 156.23419658144456 |
|  809  | 203.58081439878438 | 46.31732270764703  | 157.26350313522917 |
|  810  | 202.04701392286992 | 46.69138458890912  | 155.35562952818995 |
|  811  | 201.84344606220282 | 46.51024308568831  | 155.3332102174507  |
|  812  | 202.99898389098817 | 46.777625758052864 | 156.22135832716447 |
|  813  | 202.08072375003252 | 46.47050931060595  | 155.61022402472705 |
|  814  | 201.20087140791478 | 46.61470875455288  | 154.5861570769879  |
|  815  | 202.69861851650677 | 46.39172609607407  | 156.3068959437862  |
|  816  | 200.76773747279194 |  46.8710940513275  | 153.89664489179742 |
|  817  | 202.56224504788943 | 46.58506222892142  | 155.97718340165554 |
|  818  | 201.05726732811758 | 46.73538238140563  | 154.3218909115443  |
|  819  | 201.9074795069707  | 46.671593124458624 | 155.23587670009704 |
|  820  | 203.27687602073783 | 46.62540414734395  | 156.65146873849872 |
|  821  | 201.5405150946055  | 46.918736601454455 | 154.62177477556838 |
|  822  | 204.3101636880697  | 46.83938436896183  | 157.4707720781717  |
|  823  | 203.5220888234478  | 46.389279657110215 | 157.13280016372465 |
|  824  | 202.76204392230997 | 46.57674040375736  | 156.1853020482196  |
|  825  | 202.84103666927712 | 46.63366443997986  | 156.20736998204757 |
|  826  | 200.77904140736527 | 46.81018944975594  | 153.96885234606768 |
|  827  | 202.9952584701636  | 46.94049682181533  | 156.05477055384662 |
|  828  | 201.83784024158945 |  46.5266971883109  | 155.31115234723524 |
|  829  | 201.91292242194936 | 46.74006911955531  | 155.17284968192595 |
|  830  | 202.56952341766322 | 46.63638874283581  | 155.93312342496478 |
|  831  | 203.88086123742178 | 46.37402228120109  | 157.50684619715688 |
|  832  | 201.45149732685474 | 46.51173574777549  | 154.93976010874627 |
|  833  | 202.1227182682826  | 46.387059093060564 | 155.73566817783498 |
|  834  | 204.2380538276057  | 46.68565462771807  | 157.55239538519035 |
|  835  | 204.73306597161232 |  46.2839058434257  | 158.44915631348934 |
|  836  | 202.3958602458728  | 46.52011023899671  | 155.87575587459386 |
|  837  | 202.79936927288963 | 46.546817600741264 | 156.25254629000352 |
|  838  | 200.23269895834494 | 46.57789765112235  | 153.6547978809837  |
|  839  | 203.9128875115245  | 46.466252232800485 | 157.44663957899422 |
|  840  | 201.67783148595615 | 46.52515191825378  | 155.15267222965159 |
|  841  | 202.5455568809609  | 46.47385482733629  | 156.07168962477277 |
|  842  | 200.57297025213575 | 46.59579813664736  | 153.9771670246873  |
|  843  |  202.924276946869  | 46.46953574141349  | 156.45474316136145 |
|  844  |  201.286894818927  | 46.58606290306729  | 154.7008319158597  |
|  845  | 201.82995402526493 | 46.67668480320599  | 155.15327489554755 |
|  846  | 201.9590739745513  | 46.90066835275015  | 155.05841247427898 |
|  847  | 201.55785504744333 | 46.32970927290879  | 155.22814225118103 |
|  848  | 200.88308377099156 | 46.69134323261705  | 154.1917327147508  |
|  849  | 201.6169758773321  | 46.51683429443011  | 155.10014324746413 |
|  850  | 199.27514292290175 |  46.2386676181137  | 153.03646738404976 |
|  851  | 203.3757424165089  |  46.1201073889105  | 157.25563463914006 |
|  852  | 200.47979165984142 | 46.36151168790568  | 154.11827997193575 |
|  853  | 202.32265010437112 | 46.70691621096509  | 155.6157306613963  |
|  854  | 201.06164859369656 | 46.62793084107607  | 154.4337141321524  |
|  855  | 200.08511984600727 | 46.459177286319154 | 153.6259518536448  |
|  856  | 199.33683146245986 | 46.541257031894766 | 152.7955855833131  |
|  857  | 201.31683362679001 | 46.624389453300715 |  154.692436252751  |
|  858  | 200.10462799181178 | 46.589878149438746 | 153.51476461558917 |
|  859  | 202.3107025632965  | 46.721428717087484 | 155.5892795196976  |
|  860  | 202.76509184999577 | 46.52943643229138  | 156.23566627910867 |
|  861  | 199.93083084908776 | 46.72835592414662  | 153.2024709160147  |
|  862  | 201.91983205399114 | 46.45680610480662  | 155.4630262405283  |
|  863  | 200.13793292920306 | 46.48225872612499  | 153.6556760618694  |
|  864  | 201.12947525434654 | 46.37072404021455  | 154.75873067031267 |
|  865  | 202.42283609314472 | 46.30939325899446  | 156.11344283415028 |
|  866  | 201.42225000026139 | 46.346615292360575 | 155.07564009004565 |
|  867  | 202.62316803769954 | 46.536346926565486 | 156.08682140247782 |
|  868  | 200.56344794727863 | 46.57235318605258  | 153.99110200216225 |
|  869  | 203.27951338062564 | 46.38833357769904  | 156.89118284070716 |
|  870  | 201.2872578931541  | 46.349352548668676 |  154.937899865226  |
|  871  | 202.35571713099273 | 46.228743944115905 | 156.12698395116652 |
|  872  | 201.07753282974028 | 46.519222667039706 | 154.5583043920974  |
|  873  | 202.88127731987615 | 46.29525873645725  | 156.58601310415946 |
|  874  | 198.45869937000916 | 46.25616187150779  | 152.2025378869597  |
|  875  | 199.03047232454287 | 46.746432479324724 | 152.28403045414686 |
|  876  | 202.76786743570673 | 46.19334860163418  | 156.57452979259142 |
|  877  | 202.99979798350765 | 46.48704079086373  | 156.51276530761137 |
|  878  | 203.58857321166266 | 46.28477472218621  | 157.30378733672842 |
|  879  | 200.4304904724455  | 46.32322636054523  | 154.10726058854678 |
|  880  | 198.1539514375079  | 46.65021734807198  | 151.50372655715597 |
|  881  | 201.5236417601116  | 45.851119694697296 | 155.67252157984137 |
|  882  | 199.39342470643294 | 46.14767881452881  | 153.2457511769344  |
|  883  | 200.33089304526248 | 46.05692520341277  | 154.27396764762057 |
|  884  | 202.27536799639373 | 46.44021950975192  | 155.83515034543314 |
|  885  | 202.6697623747291  | 46.34572492404804  | 156.32403462074384 |
|  886  | 201.5395680331571  | 46.24059811904548  | 155.29897157867381 |
|  887  | 203.34737038096162 | 46.10601633014266  | 157.24135190068384 |
|  888  | 199.86902253729318 | 46.39225083704424  | 153.47677160313435 |
|  889  | 200.94011598015695 | 46.415792155260135 | 154.52432059288705 |
|  890  | 201.52613084508553 | 46.503706691323536 | 155.02242229497068 |
|  891  | 201.5064827598846  | 46.39558430975062  | 155.11090216771666 |
|  892  | 201.23211196510957 | 46.36889392309123  | 154.86321970658048 |
|  893  | 199.9444568315461  | 46.36557566923894  | 153.57888125942173 |
|  894  | 201.33417507174354 | 46.48110392749976  | 154.8530687998795  |
|  895  | 200.76911472463053 | 46.10500482454375  | 154.6641133263257  |
|  896  | 200.80719186917617 | 46.51332924657001  | 154.29385939059642 |
|  897  | 202.25645960486278 | 46.08472018136372  | 156.1717248445121  |
|  898  | 200.45488975174564 | 46.199742887407545 | 154.25513629427758 |
|  899  | 201.93388621556937 | 46.43128629562374  | 155.50258925277052 |
|  900  | 201.15713281334226 | 46.43619928716223  | 154.7209322500762  |
|  901  | 199.78661830919344 | 45.97888970403424  | 153.80773036683595 |
|  902  | 200.18469320692506 | 46.36732824898719  | 153.8173705343119  |
|  903  | 198.61558547599697 | 46.42267621984489  | 152.19290954749584 |
|  904  | 200.3312106081454  | 46.25007110602964  | 154.0811312900337  |
|  905  | 201.56633823348488 | 46.207799854773214 | 155.35853299656682 |
|  906  | 202.2531839207811  | 45.99794882012639  | 156.25522766548934 |
|  907  | 200.82689910532886 | 46.32801967514659  | 154.49888628266012 |
|  908  | 202.66402798166396 | 46.266947990197835 | 156.3970759825397  |
|  909  | 202.1209783270448  | 46.06362129318524  | 156.0573552721828  |
|  910  | 201.30180979330936 | 45.94436097672631  | 155.35747112207915 |
|  911  | 200.4809398083865  | 46.31472345570454  | 154.16621488234895 |
|  912  | 200.49202637691712 |  46.482602210434   | 154.00942377802477 |
|  913  | 201.80949497699396 | 46.13804841296831  | 155.67144813147323 |
|  914  | 202.11931374309574 | 45.863804086798176 | 156.2555058416003  |
|  915  | 202.5468463266914  |  46.2245761137079  | 156.32226268070357 |
|  916  | 199.87860205444073 | 46.12157002534578  | 153.75702908842896 |
|  917  | 204.0760059887643  | 46.09185762607339  | 157.98414396530612 |
|  918  | 199.97218622629228 | 46.35841620220844  | 153.6137517275142  |
|  919  | 202.62510146749833 | 46.24095535096798  | 156.38413897270877 |
|  920  | 200.72379290090413 | 46.360001586035494 | 154.3637873059422  |
|  921  | 200.40711072930375 | 46.461147461736196 | 153.94596903817074 |
|  922  | 199.70339452837467 | 46.353635616878826 | 153.34975089364298 |
|  923  | 199.03231195072715 | 46.25489047910666  | 152.77742528631777 |
|  924  | 200.61464493484007 | 46.373695117588305 | 154.24094757000208 |
|  925  | 202.25570062986307 | 46.31626842352654  | 155.93942399425447 |
|  926  | 202.2753594503101  | 46.45474429860048  | 155.8206187721777  |
|  927  | 203.67604778688238 | 45.953763324193886 | 157.7222844626885  |
|  928  | 203.25003227108635 | 46.03551311433925  | 157.2145100570196  |
|  929  | 203.9422985896479  | 46.06472912919314  | 157.87757141636067 |
|  930  | 201.1483845026641  | 46.24442100116477  | 154.90396350149933 |
|  931  | 198.3786203446571  | 46.094585934225336 | 152.2840305957345  |
|  932  | 204.39698553709312 | 46.31289194811817  | 158.08408830394467 |
|  933  | 198.1275219006281  | 46.16351327526266  | 151.9639988458358  |
|  934  | 201.59982383668125 | 46.197668317440375 | 155.4021444636074  |
|  935  | 204.29267765311096 | 46.10691972088593  | 158.18575911121428 |
|  936  | 202.92271503209784 | 45.971944974599324 | 156.95079284856752 |
|  937  | 201.08969188819975 | 46.23710287975862  | 154.8525892026703  |
|  938  | 201.83597507154605 | 45.86105458860649  | 155.97491823568987 |
|  939  | 200.46349858772518 | 46.33238435319115  | 154.13111589909622 |
|  940  | 200.12216516168465 | 46.53037826588912  | 153.5917869929101  |
|  941  | 200.57202164411487 | 46.18353607391931  | 154.38850220220303 |
|  942  | 200.84516604321644 | 46.202322418735676 | 154.64284596884502 |
|  943  | 200.02896575600994 | 46.313123841413905 | 153.71583976446092 |
|  944  | 200.64805669827658 | 46.17830171387677  | 154.4697548872852  |
|  945  | 201.29697409318283 | 46.25508933075263  | 155.0418884800129  |
|  946  | 200.33732221967801 | 46.02116605335266  | 154.31615430753402 |
|  947  | 201.50926959636578 |  46.1730676315638  | 155.33621096741493 |
|  948  | 198.58641656716324 | 45.90981848546785  | 152.67659045230087 |
|  949  | 199.33135633811253 |  46.3650213664071  | 152.9663501333799  |
|  950  | 201.25132708988556 | 46.275607141516986 | 154.97572141870157 |
|  951  | 197.38063942770603 | 46.27494460311697  | 151.10569472747446 |
|  952  | 201.81695704400013 | 46.24229743371202  | 155.5746633278708  |
|  953  | 201.56344778753876 | 46.115493038339956 | 155.4479476053772  |
|  954  | 201.08426063786283 | 45.942609104008554 | 155.14165544566615 |
|  955  | 199.58858907673718 | 46.05991109393762  | 153.5286740709877  |
|  956  | 200.29672269891506 | 46.35070350242177  | 153.94603964319802 |
|  957  | 199.81094528078438 | 46.345593841138864 | 153.46534772206283 |
|  958  | 202.9252308371973  | 46.278477378552964 | 156.64675287595682 |
|  959  | 205.46569431040817 | 46.222489526945154 | 159.24319382494414 |
|  960  | 201.89892025933275 | 45.946080709053966 | 155.95284679121497 |
|  961  | 200.2670114695558  | 46.16300670198109  | 154.10399146469157 |
|  962  | 202.2181956227439  | 46.48598142864873  | 155.73222339093726 |
|  963  | 199.29071214827022 | 46.139255193310525 | 153.1514510872419  |
|  964  | 200.22265125812874 | 46.34400930502232  | 153.87863676519075 |
|  965  |  202.017384258872  | 46.17424810292918  | 155.8431287207775  |
|  966  | 202.52907612900663 | 46.05000817614058  | 156.4790718646779  |
|  967  | 199.8588382159135  | 46.14950281978646  | 153.70933167854434 |
|  968  | 204.99287040614243 | 45.82375006683662  | 159.16911838339988 |
|  969  | 200.10698260121933 | 46.067856073663144 | 154.03914188345982 |
|  970  | 201.79505493105975 | 46.22382845028849  | 155.5712305868123  |
|  971  | 200.91872046409605 | 46.33412923002822  | 154.58460052802454 |
|  972  | 200.61673251725423 | 46.38271136831846  | 154.2340124376666  |
|  973  | 200.64089530166092 |  46.1446164730416  | 154.49628088163985 |
|  974  | 200.18669214822722 | 46.228695912330515 | 153.95800523850966 |
|  975  | 198.3784200635207  | 46.37713604350048  | 152.0012763906257  |
|  976  | 201.7849505594904  | 46.40317437015146  | 155.38177599510976 |
|  977  | 201.45206100532846 | 46.25755711677328  | 155.19449860352492 |
|  978  | 200.53827870723154 | 46.511622313400295 | 154.02664347940646 |
|  979  | 200.84247145288592 | 46.18860642466975  | 154.6538719778086  |
|  980  | 200.51076232561633 | 46.11731082191077  | 154.39345082390346 |
|  981  | 200.09585690004837 |  46.3743185941418  | 153.7215337142926  |
|  982  | 198.1828991973681  | 46.56629952742263  | 151.61658274659422 |
|  983  | 202.79210156938333 | 46.204150515512545 | 156.5879510538708  |
|  984  | 203.4764080714703  | 46.22980751583981  | 157.24659889106832 |
|  985  | 200.48166101942624 | 46.18953152914544  | 154.29212195800085 |
|  986  | 200.99423205792945 | 46.39809638456081  | 154.5961354791395  |
|  987  | 201.68822016183915 | 45.93543634952434  | 155.75278156506513 |
|  988  | 201.8696305798883  | 46.10219189782044  | 155.76744044374462 |
|  989  | 201.89961378817725 | 46.00594988125663  | 155.89366028645253 |
|  990  | 199.97989059328438 | 45.95896764587794  | 154.0209322413631  |
|  991  | 201.20706881065468 | 46.31268297931055  | 154.89438387543822 |
|  992  | 198.87778183734903 | 46.358674652259346 | 152.5191147173696  |
|  993  | 201.0475971259136  | 46.39322703196099  | 154.65437605878498 |
|  994  | 200.59361403231787 | 46.238359008832624 | 154.3552604056301  |
|  995  | 198.6936780851057  | 46.39447299576985  | 152.2992009832948  |
|  996  |  199.971459177486  | 46.39224419240976  | 153.5792094087022  |
|  997  | 201.23597684248045 | 46.100569732070625 | 155.13540995396122 |
|  998  | 200.9950256964833  | 45.950052741933604 | 155.04496766951945 |
|  999  | 202.4411255071596  | 46.026603005314165 | 156.41451859003357 |
|  1000 | 201.50377500190527 | 46.14409320331204  | 155.35968141013487 |
+-------+--------------------+--------------------+--------------------+