+-------+--------------------+--------------------+--------------------+
| Epoch |     total_loss     |      dt_loss       |     type_loss      |
+-------+--------------------+--------------------+--------------------+
|   1   | 97.43266517052284  | 17.818186997633713 | 79.61447767208784  |
|   2   | 95.97960799779648  | 16.316251049530813 | 79.66335993840144  |
|   3   | 95.32446193597255  | 15.97450580890362  | 79.34995578863682  |
|   4   | 93.70845431596805  | 15.731093141604692 | 77.97736195882162  |
|   5   | 92.86528498722957  | 15.426631123469425 | 77.43865482428134  |
|   6   | 91.72973991198417  | 15.172332265804975 | 76.55740846291566  |
|   7   | 91.71530280480017  | 14.945665203974798 | 76.76963755289714  |
|   8   | 88.58885225736178  | 14.67055962684827  | 73.91829186072717  |
|   9   |  87.7499740209335  | 14.357016400068234 | 73.39295708289514  |
|   10  | 85.45558924748347  | 14.060751702724358 | 71.39483874198719  |
|   11  | 84.51418187068059  | 13.741419251270782 | 70.77276130871896  |
|   12  | 82.67976539807442  | 13.313038462125338 | 69.36672794439853  |
|   13  |  81.147613282815   | 12.88050992427728  | 68.26710187863081  |
|   14  | 79.22975661840195  | 12.338444711734088 | 66.89131094908103  |
|   15  | 77.91118114764873  | 11.972955451378455 | 65.93822606795874  |
|   16  | 76.31955881754557  | 11.650640736115285 | 64.66891812838041  |
|   17  | 75.31023474277595  | 11.465625600570288 | 63.844608741173374 |
|   18  |  74.3677239051232  | 11.346945243248573 |  63.0207798806215  |
|   19  |  73.724272265312   | 11.165508640973997 | 62.55876201140575  |
|   20  | 72.58008429111578  | 11.028325017293295 | 61.55175711216071  |
|   21  | 72.67386145176032  | 10.828460515340169 | 61.84540096185146  |
|   22  | 71.24785792424129  | 10.55820258018298  | 60.689654740553635 |
|   23  | 71.27527199769631  | 10.272685551765637 |  61.0025859382825  |
|   24  | 71.10021989088791  | 9.946319553668683  |  61.1539011324369  |
|   25  | 69.84067508795323  |  9.75677399757581  | 60.08390134762495  |
|   26  | 69.27600186861478  | 9.595676992367476  | 59.68032532912034  |
|   27  | 69.55751877222306  | 9.390210588895357  |  60.1673095311874  |
|   28  | 68.95280242919922  | 9.271959675519895  | 59.68084249251928  |
|   29  | 68.26533454308144  | 9.101126390114809  | 59.164207552396334 |
|   30  |  68.8613977755033  | 9.034833464989296  | 59.82656535613231  |
|   31  | 68.47637805645283  |  8.99564295646472  | 59.48073544624524  |
|   32  | 68.17583287948217  | 8.953504970257098  | 59.22232867509891  |
|   33  |  68.3950458233173  |  8.83345567165277  | 59.56158774742713  |
|   34  | 68.42859112079327  |  8.78728576366718  | 59.641304211738785 |
|   35  | 68.59018876295823  |  8.77077973390237  | 59.81940761468349  |
|   36  | 67.36384853265224  | 8.679134212396084  | 58.684715325771236 |
|   37  | 68.25236094156901  | 8.685371028215457  | 59.56698926876753  |
|   38  | 67.73870294815455  | 8.631418353349735  | 59.107283751658905 |
|   39  | 67.50941548665365  | 8.603128843062963  | 58.90628662109375  |
|   40  |  67.1984438695663  | 8.531924963731033  | 58.666519082876356 |
|   41  | 67.49154034736829  | 8.498698376386594  | 58.99284311930339  |
|   42  | 67.37062547732623  | 8.448002481705103  | 58.922622340275694 |
|   43  | 66.82298527644231  | 8.472658673799955  | 58.350328067877356 |
|   44  | 67.02793801332132  | 8.393990721091246  | 58.63394760914338  |
|   45  |  67.4584526570638  | 8.393508525750576  | 59.06494403936924  |
|   46  | 67.22356525518956  | 8.367156297732622  | 58.85640989645933  |
|   47  | 67.19640340951773  | 8.371356084774702  | 58.825047497871594 |
|   48  |  67.8585897279397  |  8.30606272086119  | 59.552526362492486 |
|   49  | 67.24411579621143  | 8.271727772248097  | 58.97238809047601  |
|   50  | 66.99171267778445  | 8.250319705865323  |  58.741393553905   |
|   51  |  67.3723603859926  | 8.232211798643455  | 59.14014818631686  |
|   52  |  66.4232575010642  |  8.22527323796199  | 58.197984822591145 |
|   53  | 67.10620186830178  |  8.24114457643949  | 58.865057999048474 |
|   54  | 66.50284377660506  | 8.251235867035694  | 58.25160849155524  |
|   55  | 67.62905105199569  | 8.167861059139936  | 59.461189974271335 |
|   56  | 67.42532394017928  | 8.185106663826184  | 59.24021804027068  |
|   57  | 67.39788118802583  | 8.119044396816156  | 59.278834823217146 |
|   58  |  66.939398827186   | 8.211480767665766  | 58.72791790693234  |
|   59  |  67.0826033998147  | 8.218499862475273  | 58.86410083477314  |
|   60  | 66.87572268363758  | 8.174440923837516  | 58.701282853346605 |
|   61  | 66.98710651886769  | 8.212460201948117  | 58.77464687249599  |
|   62  | 66.44169817802234  | 8.179908303480882  | 58.26179029415815  |
|   63  | 66.97543518848909  | 8.179562031672551  | 58.79587293967223  |
|   64  | 67.46184017083584  | 8.168017694522174  | 59.29382127419496  |
|   65  | 67.34044178498097  | 8.155862473707932  | 59.18457799275716  |
|   66  | 66.78198948004307  | 8.170381230085324  | 58.61160855024289  |
|   67  | 66.42154000697992  | 8.170045850704877  | 58.25149318988507  |
|   68  | 67.11621973282251  | 8.184353024409367  |  58.9318661342523  |
|   69  |  67.2167043011005  | 8.147274772448418  | 59.06943003336588  |
|   70  |  67.094711718437   |  8.18823232797476  | 58.90647983257587  |
|   71  | 66.91809440025916  | 8.184052340189616  | 58.73404098119491  |
|   72  |  66.8181278483073  | 8.164045449770414  | 58.65408220731295  |
|   73  | 66.78043126032902  | 8.173743793780988  | 58.606687238644334 |
|   74  | 67.13901428222657  | 8.196767479334122  | 58.94224488869691  |
|   75  | 66.80932427822015  | 8.128321786538148  | 58.68100119566306  |
|   76  | 66.83039755014273  |  8.11639495262733  | 58.71400288117238  |
|   77  | 66.95619794796674  | 8.159450602409168  | 58.79674782386193  |
|   78  | 66.53630841377453  | 8.099104840205266  | 58.43720208583734  |
|   79  | 66.65414132142678  | 8.101315347720416  | 58.55282570472131  |
|   80  | 66.96933427077073  |  8.07056008950258  | 58.898772712120646 |
|   81  | 67.11345006306966  |  8.00357865847074  | 59.10987126277043  |
|   82  |  66.9815560169709  | 8.035664385282077  | 58.94589107024364  |
|   83  |  67.5238184376252  |  8.00837282816569  | 59.515445361015125 |
|   84  | 66.74571921324119  |  7.97164061717498  | 58.77407981285682  |
|   85  | 66.52804587339743  | 7.940169509496444  | 58.58787638737605  |
|   86  | 66.94629446176383  | 7.919950922452487  | 59.026343489426836 |
|   87  | 66.07512618627304  | 7.8993087034959055 | 58.175816658215645 |
|   88  | 66.29006348830004  | 7.841093190511068  | 58.44897064208985  |
|   89  | 65.91589252960988  | 7.8334019303933164 | 58.08249242538061  |
|   90  | 65.77871543688651  | 7.7758883373553935 | 58.00282909686749  |
|   91  | 66.09559946695964  |  7.78438594133426  | 58.31121303069286  |
|   92  | 66.17682744735326  | 7.663424358856983  | 58.51340294471154  |
|   93  | 66.14719422951723  | 7.619304283337716  | 58.52789028852414  |
|   94  | 66.33597225091397  | 7.593164577973194  | 58.74280768761268  |
|   95  | 66.33643133701422  | 7.587082319015112  |  58.7493497251853  |
|   96  | 66.31507180238381  | 7.517353703914544  | 58.797718122433395 |
|   97  |  66.512660154685   | 7.5085362048026845 | 59.00412391858223  |
|   98  | 65.62121142265124  | 7.482821316352258  | 58.138390424679486 |
|   99  | 65.70636067708334  | 7.426916632040953  | 58.27944565210587  |
|  100  | 65.52601208809095  | 7.437250954065568  | 58.08876071245243  |
|  101  | 66.04503616724259  | 7.385028550074651  | 58.66000939393655  |
|  102  | 65.58581647824019  | 7.383631677383032  | 58.20218518770658  |
|  103  | 66.20147228925656  | 7.399346394172081  | 58.802127579909104 |
|  104  | 65.70240667098608  | 7.332624530303173  | 58.36978290655674  |
|  105  | 65.92294969607622  | 7.342841557233761  | 58.580109127729365 |
|  106  | 65.66701770489033  | 7.313733041714399  |  58.3532845325959  |
|  107  | 65.55483075264172  | 7.256478654910357  | 58.29835178473057  |
|  108  | 65.71814922234951  |  7.27225714854705  | 58.44589260394756  |
|  109  | 65.11685748760517  | 7.180903797149658  | 57.93595372517904  |
|  110  | 66.02385937813001  | 7.185404624938965  |  58.8384559357472  |
|  111  | 65.77169175368088  | 7.205104969220284  | 58.56658724662585  |
|  112  | 65.66687197562976  | 7.169701919555664  | 58.49717008541792  |
|  113  | 65.78304361196665  | 7.150838750203451  | 58.632205333220654 |
|  114  | 65.47792100172776  | 7.117314740205423  | 58.360606055626505 |
|  115  | 65.82951518914638  |  7.12208407328679  | 58.70743151151217  |
|  116  | 65.47612600473258  | 7.188374293400691  | 58.28775202042017  |
|  117  | 65.40370680588943  |  7.09995715752626  | 58.303748963184844 |
|  118  | 65.34934904440856  | 7.084936844752385  |  58.2644123449081  |
|  119  |  64.8222848041241  | 7.076513524177747  | 57.74577028714693  |
|  120  | 65.17901071401742  | 6.9581277309319916 | 58.22088392208784  |
|  121  |  64.6342731260642  | 6.987334925822722  |  57.6469389460637  |
|  122  | 64.80693594908102  | 6.938005331968649  | 57.868928743020085 |
|  123  | 65.46582129845252  | 6.884892034775172  |  58.5809311343462  |
|  124  | 66.03509114583333  | 6.906283121353541  | 59.12880742782202  |
|  125  | 65.35017131316356  | 6.915392849751008  | 58.434778579320664 |
|  126  | 65.28846246963892  | 6.886181633778108  | 58.40227965917343  |
|  127  | 65.06104514880059  | 6.834587870866825  | 58.22645561022636  |
|  128  |  64.7057251915565  | 6.838253466777313  | 57.86747275719276  |
|  129  | 64.83078822991787  | 6.799330513293927  | 58.03145605233999  |
|  130  | 65.19118905091896  | 6.761663901989277  |  58.4295242192195  |
|  131  | 64.98912694686499  | 6.7667975973471615 | 58.222328620323765 |
|  132  | 64.00863245254908  |  6.72816318267431  | 57.28046935643905  |
|  133  | 64.57818646161984  | 6.745507740118565  | 57.83267943944686  |
|  134  | 64.25104158841647  | 6.692766391069461  | 57.558274536132814 |
|  135  | 64.57754736484625  | 6.689036984565931  | 57.888509408021584 |
|  136  | 65.21114599765876  | 6.655649837591709  | 58.555496364495696 |
|  137  | 64.82015701685197  | 6.7094738510327465 |  58.1106844936273  |
|  138  | 64.49699916741787  | 6.642444398831098  | 57.85455596532577  |
|  139  | 64.79661360911834  | 6.628423587114383  | 58.168189771603316 |
|  140  | 64.07278354742589  | 6.678428931603065  | 57.394354741023136 |
|  141  | 64.07463208712065  |  6.54540195611807  |  57.5292287503756  |
|  142  | 64.43408967629458  | 6.549059575887827  | 57.88503037281525  |
|  143  | 64.96011478521885  | 6.545034885406494  | 58.41508009690505  |
|  144  | 64.37924329317534  | 6.545294203635974  | 57.83394989013672  |
|  145  | 64.47085514557668  |  6.52788607719617  | 57.94296824919872  |
|  146  | 64.72066561185396  | 6.498246153807028  | 58.22242075993464  |
|  147  | 64.55652594933143  | 6.468907522054819  | 58.08761884640425  |
|  148  | 64.01112546089368  | 6.490733507107466  | 57.52039158356495  |
|  149  | 64.64652537810497  |  6.41444943745931  | 58.232075750888924 |
|  150  | 64.74850906763321  |  6.41677495320638  | 58.33173476781601  |
|  151  | 63.86362502660507  | 6.447879881247496  | 57.415745622683794 |
|  152  | 65.11298741267278  | 6.387572946792994  |  58.7254155868139  |
|  153  | 64.19157497308193  | 6.384956807845678  | 57.80661760770358  |
|  154  | 64.69876503186349  | 6.366834161709517  | 58.33193016247871  |
|  155  | 64.06950248522637  | 6.336243575658553  | 57.733258252266126 |
|  156  | 64.49077662150066  | 6.358391638046656  | 58.132383755414914 |
|  157  | 64.04681483342097  | 6.3805140808301095 | 57.66630124605619  |
|  158  | 64.05418054042718  | 6.377743209447616  | 57.67643810565655  |
|  159  | 64.24470540364584  | 6.368317353664301  | 57.87638815464118  |
|  160  | 64.50854514880058  | 6.311368181277544  |  58.1971764080341  |
|  161  | 63.95833169007913  | 6.323656416672927  | 57.63467584463266  |
|  162  |  64.1290240987142  | 6.346484913459191  | 57.78253907815004  |
|  163  | 64.08753711407002  | 6.344516438704271  | 57.74301977695563  |
|  164  | 64.37112337552584  |  6.29457975485386  | 58.07654341477614  |
|  165  | 63.914947251539964 | 6.309559111472888  | 57.60538766322992  |
|  166  | 64.16512899936774  | 6.331400745587471  | 57.833726243239184 |
|  167  | 64.00965281951122  |  6.24729253524389  | 57.76235931396484  |
|  168  | 64.13923001802884  | 6.243064346313477  | 57.89616527068309  |
|  169  | 63.21261483216897  | 6.242831392043676  | 56.969783458220654 |
|  170  | 64.07358350704878  | 6.230790039453751  |  57.8427924601237  |
|  171  | 64.35431114783654  | 6.228622754414876  | 58.125687553210135 |
|  172  | 64.19229859180939  | 6.245321788298778  | 57.94697370480269  |
|  173  |  63.8456498053135  |  6.20696245535826  | 57.63868680513822  |
|  174  | 64.02200804881561  | 6.2312497315040005 | 57.79075857700446  |
|  175  | 63.793211169120596 | 6.259748303340031  | 57.53346375294221  |
|  176  | 63.34896966396234  | 6.252592380719308  | 57.09637840466622  |
|  177  | 64.54025623419346  | 6.169268057896541  | 58.37098776401618  |
|  178  | 63.99348954420823  | 6.174384056971624  | 57.819105525872644 |
|  179  | 64.26870150835086  | 6.218858945797651  | 58.049842529296875 |
|  180  | 63.77711908193735  | 6.163424913944342  | 57.61369560046074  |
|  181  | 63.778951932466946 | 6.182944168677697  | 57.59600684532752  |
|  182  | 64.08038915389623  | 6.2126223417428825 | 57.86776651235727  |
|  183  | 64.30084526648888  | 6.204747821123172  | 58.09609782292293  |
|  184  | 63.749593024620644 | 6.224155420156626  | 57.52543832632212  |
|  185  |  63.9307047252166  |  6.17949502651508  | 57.751209935897435 |
|  186  | 64.06009753104968  | 6.207738340817965  | 57.85235858232547  |
|  187  | 63.98514690301357  | 6.124211275149614  | 57.860935406807144 |
|  188  | 63.90585150302985  |  6.18281158496172  | 57.72304065410908  |
|  189  | 63.41396205021785  | 6.265291187579815  | 57.148670501708985 |
|  190  |  64.4088690615923  | 6.229004016289344  | 58.17986444326547  |
|  191  |  63.8582215216221  | 6.233769580645439  | 57.624452158610026 |
|  192  | 64.39921376937475  |  6.18092420724722  | 58.21828911805764  |
|  193  | 63.83845681997446  | 6.216194790571164  | 57.622261407314205 |
|  194  | 64.08252746973282  | 6.214246233426608  | 57.86828017014724  |
|  195  | 63.555386966803134 | 6.205745170299823  | 57.34964148888221  |
|  196  | 63.30127880389874  | 6.178402640024821  | 57.122876903827375 |
|  197  | 63.539195243639824 | 6.221468525910989  | 57.317726088303786 |
|  198  | 64.07932033441006  | 6.182612981551733  | 57.896706879444615 |
|  199  | 63.45902564415565  | 6.246401287959173  | 57.21262474255684  |
|  200  | 64.16033101790991  | 6.159141159546681  | 58.00118984907101  |
|  201  | 64.51825076372195  | 6.142728650997847  | 58.37552314171424  |
|  202  | 64.21856510260166  | 6.173961547460311  | 58.04460399138622  |
|  203  | 63.78928626818535  | 6.202076511383057  | 57.58721070509691  |
|  204  | 64.12505095653044  | 6.1773720941788115 | 57.947679208608776 |
|  205  | 64.12744635948768  |  6.17236494700114  | 57.955082401373446 |
|  206  | 64.06401145348183  | 6.173342344332964  | 57.89067082331731  |
|  207  | 63.98709934332432  | 6.158722747900547  | 57.828376245743186 |
|  208  | 63.67444731101012  | 6.228110309992081  | 57.44633807451297  |
|  209  | 63.82400371844952  | 6.158517749492939  | 57.66548643845778  |
|  210  | 63.33130017794095  | 6.195452205951398  | 57.13584678063026  |
|  211  | 64.05982247377054  | 6.142367188869379  | 57.91745626987555  |
|  212  | 63.86818950946515  | 6.173602021535237  | 57.694588759984725 |
|  213  | 63.86781880696615  | 6.1961980149684805 | 57.671621719751606 |
|  214  | 63.49679819351588  | 6.165720168382694  |  57.3310788668119  |
|  215  | 63.468555665627505 | 6.162771079723652  | 57.30578334319286  |
|  216  | 63.88949946476863  |  6.16306854394766  | 57.72643127441406  |
|  217  | 64.74648678901868  | 6.151886178530179  | 58.59460135826698  |
|  218  | 63.94961502466446  | 6.105433166210468  | 57.84418135031676  |
|  219  | 63.72723900428185  | 6.113948322687394  | 57.61328837076823  |
|  220  | 63.727948608398435 |  6.11563123458471  | 57.61231762617062  |
|  221  | 63.74374236278045  | 6.141472613505828  | 57.602269920935996 |
|  222  | 63.96030045729417  | 6.092046547425099  | 57.86825423803085  |
|  223  | 63.52259535569411  | 6.064101069523738  | 57.458494786971656 |
|  224  | 63.70930556859726  | 6.093928648630778  | 57.615377083802834 |
|  225  | 63.13603974171174  | 6.186881462977483  | 56.94915853255834  |
|  226  | 63.62246847299429  | 6.071925893930288  | 57.550542985965045 |
|  227  | 63.78250790327023  | 6.052910804259471  | 57.72959709363106  |
|  228  | 63.71783751658904  | 6.060700300167769  | 57.65713615613106  |
|  229  | 64.17400461832682  | 6.004201686565692  | 58.16980235173152  |
|  230  | 63.967162358210636 |  6.01661343452258  | 57.95054968418219  |
|  231  |  64.0296912912222  | 6.043522932101519  | 57.98616953923152  |
|  232  |  63.2162306643755  |  6.04743417201898  | 57.16879628108098  |
|  233  | 63.83915204952925  | 6.0555974270747255 | 57.78355480096279  |
|  234  | 63.71744287735377  | 6.0411566396859975 | 57.676286206367685 |
|  235  | 63.35106798220903  | 6.049708789923252  | 57.301360227144684 |
|  236  | 63.08619390243139  | 6.078675528306228  | 57.00751845139724  |
|  237  | 63.120748971792366 | 6.0417145606799005 | 57.07903407952725  |
|  238  | 63.64539899777144  | 6.031214001484407  |  57.6141858614408  |
|  239  | 63.89029184585963  | 6.004362597343249  | 57.88592915852865  |
|  240  | 63.308992653871194 | 6.026245108873416  | 57.282748307448166 |
|  241  | 63.49080172416491  | 6.031956896659655  | 57.45884530091897  |
|  242  | 63.54459305983323  | 6.063684711456299  | 57.480909635103664 |
|  243  | 62.99977443206004  | 6.036304844587277  | 56.96346910525591  |
|  244  | 63.37124664697892  | 6.008054802234356  | 57.363192776411005 |
|  245  |  63.6580580882537  | 6.005641678541134  | 57.65241691784981  |
|  246  | 62.88661040477264  | 6.013383088234144  | 56.873226353571965 |
|  247  | 63.62621110965044  | 6.042244583521134  | 57.58396696041792  |
|  248  | 63.43102291791867  | 6.001861220139723  | 57.42916119697767  |
|  249  | 63.408759315686346 |  6.05663640437982  | 57.352124833327075 |
|  250  | 63.75228008563702  | 6.054584105075934  | 57.69769571548853  |
|  251  | 62.93408217210036  | 6.026656890282264  | 56.907424703744745 |
|  252  |  62.861233007969   | 6.036830151875813  | 56.82440231714493  |
|  253  | 63.71030302390074  | 6.012173701555301  | 57.69812802437024  |
|  254  | 63.39054447271885  | 6.034369964110546  | 57.35617419903095  |
|  255  | 63.61422670804537  | 6.030091591370412  | 57.58413534311148  |
|  256  | 63.16235768636068  | 6.036282393137614  | 57.12607689490685  |
|  257  | 63.33446170904698  | 6.010939838213798  | 57.32352242494241  |
|  258  | 63.063753004807694 | 5.989487902323405  | 57.07426514845628  |
|  259  | 63.19852877885867  | 6.035680573292268  | 57.16284786517804  |
|  260  | 63.73914116101387  | 6.006415420923478  | 57.73272436288687  |
|  261  | 63.58938650669196  | 6.014059999417036  | 57.57532657721104  |
|  262  | 63.35138106126052  | 5.998015263386262  | 57.35336627666767  |
|  263  | 63.39634596213316  | 5.986211956219796  | 57.41013477032001  |
|  264  | 63.13812273074419  | 6.040022805042756  | 57.09809962737255  |
|  265  | 63.220873491336135 | 6.018618093148256  | 57.20225587502504  |
|  266  | 63.07484256842198  | 5.971986884092673  | 57.10285434429462  |
|  267  | 64.04229321993314  | 5.940516124138465  | 58.10177594307142  |
|  268  | 62.85899632380559  | 5.978228532350981  | 56.88076923468174  |
|  269  | 63.41569554255559  | 5.970667040409186  | 57.44502974290114  |
|  270  |  63.670206834842   | 5.958319604335687  | 57.71188719920623  |
|  271  | 63.49444563645583  | 5.941037275852302  | 57.55340766319862  |
|  272  | 63.50564094739082  | 5.926047719808725  | 57.57959250425681  |
|  273  | 63.614692093286756 | 5.9585536585098655 | 57.656138559977215 |
|  274  | 63.236060603215144 | 5.934137436304337  | 57.301924731914816 |
|  275  | 63.77096660516201  | 5.956460757622352  | 57.81450521224584  |
|  276  | 62.98118527143429  | 5.961972361833621  | 57.019211832682295 |
|  277  | 63.44962198110727  | 5.895695135165483  | 57.55392835176908  |
|  278  | 63.40303292298928  | 5.8891000195038625 | 57.513932487292166 |
|  279  | 63.362931416829426 | 5.917383510883038  | 57.44554880777995  |
|  280  | 63.28108928191356  | 5.935936202513866  | 57.345152775691105 |
|  281  | 62.67201399583083  | 5.900981647295829  | 56.77103240184295  |
|  282  | 62.92319491655399  | 5.921088762527857  | 57.00210457435021  |
|  283  | 63.43107793563451  | 5.871885611705291  | 57.55919133504232  |
|  284  | 63.08481213300656  | 5.882159170004038  | 57.20265229445237  |
|  285  | 63.461356639372994 | 5.832930487119235  | 57.62842725704878  |
|  286  | 63.034901874248796 | 5.823469867217235  | 57.21143226819161  |
|  287  | 63.82767056587415  | 5.857095595139723  | 57.97057465382112  |
|  288  | 63.001241071652146 | 5.834567215259258  | 57.166672954070265 |
|  289  | 63.20017473269731  | 5.840536489731226  | 57.35963907877604  |
|  290  | 62.949762393266724 | 5.824864749908447  | 57.12489814562675  |
|  291  | 63.620516787797975 | 5.839409520075871  | 57.78110623481946  |
|  292  | 62.94974498259715  | 5.8584635900839785 | 57.091280051989436 |
|  293  | 63.02033412053035  | 5.852110916528947  | 57.168222452799476 |
|  294  | 63.29267099625025  | 5.879676098945813  | 57.41299539419321  |
|  295  | 62.893151284242286 |  5.81691309659909  | 57.076237558218146 |
|  296  | 62.96086587367914  | 5.9256498693808535 | 57.03521616617839  |
|  297  | 63.17041248028095  | 5.796933451921512  | 57.37347963773287  |
|  298  | 63.04836719610752  |  5.76831784761869  | 57.280049411088996 |
|  299  | 63.458294227795726 | 5.842159307920015  | 57.616135054368236 |
|  300  |  63.0362483215332  | 5.818625463338998  | 57.21762375660432  |
|  301  | 63.39271132249099  | 5.805636179019244  | 57.587074600610975 |
|  302  | 62.49840045635517  | 5.873145229143974  | 56.62525454790164  |
|  303  | 63.097627892127406 | 5.801729300083259  | 57.295897615872896 |
|  304  | 63.421203879331934 | 5.8389329215807795 | 57.582270394349706 |
|  305  | 62.77030641213442  | 5.791457023620605  | 56.97885008983123  |
|  306  | 63.05998702611679  | 5.846673683264316  | 57.21331284743089  |
|  307  | 63.479301233536155 | 5.821965590256911  | 57.65733630449344  |
|  308  | 63.17748460036058  | 5.823074908623329  |  57.3544098448142  |
|  309  | 63.00566018520257  | 5.795423096387815  | 57.210237567608175 |
|  310  | 63.47533954326923  |  5.82046220779419  | 57.654877471923825 |
|  311  | 63.276095033303285 | 5.773170086787297  | 57.502923462696565 |
|  312  | 63.099413233047876 | 5.845287261865078  | 57.254126762977016 |
|  313  | 63.22183349218124  | 5.8384908671256825 | 57.383343396309094 |
|  314  | 62.75225554246169  | 5.792474283071664  | 56.95978222969251  |
|  315  | 63.00990639711038  | 5.776518576695369  | 57.233387529422075 |
|  316  | 62.559372730744194 | 5.8316713719490245 | 56.727701106927334 |
|  317  |  63.441157422188   | 5.764183915456136  | 57.676973501352165 |
|  318  | 63.082747223682894 | 5.850049141125801  | 57.23269923674754  |
|  319  | 63.03257532364283  |  5.83090306746654  | 57.20167236328125  |
|  320  |  63.0145095316569  | 5.884516292963273  | 57.12999323135767  |
|  321  | 63.077560280041816 | 5.8120085026667665 | 57.26555362799229  |
|  322  | 62.60540581727639  | 5.834101176139636  | 56.77130424303886  |
|  323  | 63.09247132521409  | 5.782368138631185  | 57.31010381454077  |
|  324  | 63.27839631691957  | 5.787314791557116  | 57.49108112433018  |
|  325  | 62.90487192007212  | 5.831679380367964  | 57.07319306984926  |
|  326  | 62.93907466008113  | 5.765035212101081  | 57.17403936532828  |
|  327  | 63.07390414506961  | 5.844775348565517  | 57.22912913004557  |
|  328  | 62.79628597161709  | 5.812562256837502  | 56.98372420482146  |
|  329  | 63.595693938426486 | 5.803728285080347  | 57.79196546505659  |
|  330  | 63.412633346166366 | 5.824649390196189  | 57.587983824901094 |
|  331  |  63.1773771080604  | 5.815715109507243  | 57.36166246463091  |
|  332  | 63.50388862805489  | 5.777893113845434  | 57.72599612896259  |
|  333  | 63.48186015984951  | 5.817623092455742  | 57.66423614110702  |
|  334  | 62.74519424047226  | 5.903453903198242  | 56.84174021402995  |
|  335  | 63.48625048906375  | 5.820264168274709  | 57.66598811222957  |
|  336  | 62.910878248948315 | 5.818051693745148  | 57.092827578813605 |
|  337  | 63.39072399824094  | 5.853841991913624  | 57.53688158084185  |
|  338  | 63.13468724959936  | 5.8209202766418455 | 57.31376710158128  |
|  339  | 62.53030252701197  | 5.823553817944649  | 56.70674853985126  |
|  340  | 63.44928541917067  | 5.777824198894011  | 57.67146114642804  |
|  341  | 63.06773230919471  | 5.839372502840482  | 57.228358189509464 |
|  342  | 62.845103102463945 | 5.818895739530905  | 57.026207044552535 |
|  343  | 63.66832651774089  | 5.8251601987007335 |  57.8431648058769  |
|  344  | 62.935822108342094 | 5.8288897822453425 | 57.106931981795874 |
|  345  | 62.85775794396034  | 5.820880649273212  | 57.03687788743239  |
|  346  | 62.90161337045523  |  5.75290674111782  | 57.148707060202575 |
|  347  | 63.34339891091371  | 5.768722465221699  | 57.57467754657452  |
|  348  | 62.84323224581205  | 5.771237132243621  | 57.07199520404522  |
|  349  | 62.56655233138647  | 5.762224250206581  | 56.80432751777845  |
|  350  | 63.08647093161559  | 5.793821914868477  | 57.292649935208836 |
|  351  | 62.758406403370394 | 5.8298396394191645 |  56.9285665228428  |
|  352  | 63.165044641739286 | 5.816959124345046  |  57.3480862113757  |
|  353  | 62.77509735889924  |  5.74301737222916  | 57.032079373873195 |
|  354  | 63.05399419931265  | 5.864854257534712  | 57.18914030417418  |
|  355  | 62.628780341515174 | 5.832921936817658  | 56.79585796649639  |
|  356  | 63.16862693982247  | 5.762708818484575  | 57.405916650234126 |
|  357  |  63.3312183595315  | 5.8023453047336675 | 57.528873439691004 |
|  358  | 62.81226362961989  | 5.784558817545573  | 57.02770456167368  |
|  359  | 62.89418423774915  | 5.751623272529015  | 57.14256109775641  |
|  360  | 63.10212887494992  | 5.780301808088254  | 57.32182611318735  |
|  361  | 63.461004806909806 |  5.73958257430639  | 57.721422921205175 |
|  362  | 62.61003083057893  | 5.768259589855488  | 56.84177221444937  |
|  363  | 63.28927310650165  | 5.767271813123654  | 57.52200059548402  |
|  364  | 62.57509812183869  | 5.817942736209967  | 56.75715650118314  |
|  365  | 62.598815299792165 | 5.793667324261787  | 56.80514889448117  |
|  366  | 62.88427228096204  | 5.746236075865917  | 57.13803678854918  |
|  367  | 63.504662162585134 | 5.752208710205861  | 57.752454450558396 |
|  368  | 62.44149994678986  | 5.783978941012651  |  56.6575196877504  |
|  369  | 62.759145132211536 | 5.788314762604542  | 56.97083177224184  |
|  370  | 63.21605893648588  | 5.745018379504864  | 57.47104133019081  |
|  371  | 62.579553813445266 | 5.770443215981508  | 56.80911086644882  |
|  372  | 62.709779260097406 | 5.750059644258939  | 56.95971961779472  |
|  373  | 62.728840003380405 | 5.714079002967248  | 57.01476009271084  |
|  374  | 63.02095156938602  | 5.727822356590858  | 57.293128920335036 |
|  375  | 63.12612299601237  | 5.757962006788987  | 57.368161081167365 |
|  376  | 62.612757302308694 | 5.7713301624395905 | 56.84142762795473  |
|  377  | 63.43342661539714  |  5.71591692459889  | 57.71750905746069  |
|  378  | 62.832236085549376 | 5.754609860640306  | 57.07762696486253  |
|  379  | 62.79080348870693  | 5.753777734805376  | 57.03702580378606  |
|  380  | 63.24929622161083  | 5.721542003338153  | 57.52775442661383  |
|  381  | 63.06286519368489  | 5.7666728704403605 | 57.296193190354565 |
|  382  | 63.05106529040214  |  5.71847999328222  | 57.33258555485652  |
|  383  |  62.4833594141251  | 5.7419080098470054 | 56.74145259368114  |
|  384  | 62.49698179978591  | 5.720247507828932  | 56.77673456436548  |
|  385  | 62.65729296170748  | 5.721132579705654  | 56.93615978534405  |
|  386  | 62.833304748535156 | 5.723140764970045  |  57.1101635546562  |
|  387  | 62.74786675477639  | 5.715683988913511  | 57.03218204596104  |
|  388  | 62.50147213275616  | 5.705033560043726  | 56.796439537635216 |
|  389  | 62.62561077411358  | 5.691188237116887  | 56.93442262698443  |
|  390  | 63.16887813861553  | 5.713730986179449  | 57.45514638656225  |
|  391  | 62.849395102476464 | 5.711431387876853  | 57.13796283819737  |
|  392  | 62.58051947960487  | 5.690351716066018  | 56.89016780755459  |
|  393  | 63.52367164807442  | 5.701136129330366  | 57.822534880026794 |
|  394  | 62.96387361184144  | 5.788951544150328  | 57.174921112060545 |
|  395  | 62.856258693597255 | 5.759630343119303  |  57.0966293374086  |
|  396  | 63.07294055254032  | 5.689491734137902  | 57.38345006306966  |
|  397  | 63.158411114032454 | 5.702018267802703  | 57.45639301006611  |
|  398  | 62.78374931531075  | 5.7524571247589895 |  57.0312917190943  |
|  399  |  62.1492719914363  | 5.705318167270758  | 56.443954761211685 |
|  400  | 62.41333564171424  | 5.6596024224697015 | 56.75373259324294  |
|  401  | 62.72224161001352  | 5.751320651616806  | 56.970921247433395 |
|  402  | 62.923739005846855 | 5.676796870598427  | 57.246943801488634 |
|  403  | 62.706402227939705 | 5.685396077082707  | 57.02100602370042  |
|  404  |  62.5576944908729  | 5.677379828722049  | 56.88031429192959  |
|  405  | 62.591570246769834 | 5.765593224549905  | 56.82597633557442  |
|  406  | 62.449236708420976 | 5.719371935037466  | 56.729864580203326 |
|  407  |  62.642516209529   | 5.650347277323405  | 56.992169263790814 |
|  408  | 63.04217166998448  | 5.677026875324739  | 57.36514589358599  |
|  409  | 62.010510739057494 | 5.722346178690592  | 56.28816381992438  |
|  410  | 62.47370430188301  | 5.639199211414044  | 56.83450520442082  |
|  411  | 63.02348659808819  |  5.72591192979079  | 57.29757397773938  |
|  412  | 63.31396287966997  | 5.668701879061185  | 57.64526105049329  |
|  413  | 62.821050567626955 | 5.663096556052183  |  57.1579541406876  |
|  414  | 62.65211903889974  |  5.63804729852921  | 57.01407181568635  |
|  415  | 62.382642661852714 | 5.668355234586276  | 56.71428690592448  |
|  416  | 62.52197987874349  | 5.6267839593153735 | 56.895195832863834 |
|  417  | 62.36469263321314  | 5.650061509548089  | 56.714631727169724 |
|  418  | 62.587996599246296 | 5.686363067137889  | 56.90163263174204  |
|  419  | 62.23648820925982  | 5.668082584478916  | 56.56840587909405  |
|  420  | 62.557379271678435 | 5.665073384015988  | 56.892305368276745 |
|  421  |  62.5993600385617  | 5.667944994217311  | 56.93141477535932  |
|  422  | 62.37167556371444  | 5.659870210305239  | 56.71180594028571  |
|  423  | 62.47613997239333  | 5.643405366066174  | 56.83273488753881  |
|  424  | 62.95675099690755  | 5.646091783963717  | 57.31065858889849  |
|  425  | 62.888460482083836 | 5.649885314061091  | 57.23857592460437  |
|  426  | 63.06855326334635  | 5.642728035755646  | 57.425825653076174 |
|  427  | 62.743573170197315 | 5.629627019442045  | 57.11394713572967  |
|  428  | 62.638236220922224 | 5.6228072821788295 | 57.01542826334635  |
|  429  | 62.901814336532205 | 5.6255859976548415 |  57.276228320782   |
|  430  | 62.404586741129556 |  5.66398719445253  | 56.74059797629332  |
|  431  | 62.41488667023488  | 5.652087936401367  | 56.76279904487806  |
|  432  | 63.44365685878656  |  5.65151913862962  | 57.79213870708759  |
|  433  |  62.6485057811248  | 5.641411885970678  | 57.007093185033554 |
|  434  | 62.71845680432442  |  5.63920281239045  | 57.07925333267603  |
|  435  | 63.403005946232724 | 5.626961432236891  | 57.776046725542116 |
|  436  | 62.164139427771936 | 5.616216479081374  | 56.54792408869817  |
|  437  |  62.9742147631523  | 5.659710572071565  | 57.314503525954024 |
|  438  | 63.36181984143379  |  5.63741111217401  | 57.724408033322064 |
|  439  |  62.9517778915014  | 5.587229636754745  | 57.36454789381761  |
|  440  | 62.38764470809545  | 5.650324319692759  | 56.737320231902295 |
|  441  | 62.22431361271785  | 5.651609274546305  | 56.572703990447216 |
|  442  | 63.36574473063151  |  5.68471309368427  | 57.68103235880534  |
|  443  | 63.180131123860676 | 5.625358207409199  | 57.554773234831984 |
|  444  | 62.77952016977164  | 5.643530480311467  | 57.13598912948217  |
|  445  | 62.578758196708485 | 5.607461676964393  | 56.97129676623222  |
|  446  | 62.797733905498795 | 5.619952139243101  | 57.17778114905724  |
|  447  | 62.45315241887019  | 5.655696785755646  | 56.797456618088944 |
|  448  | 62.69839258047251  | 5.639973243811192  | 57.05841933812851  |
|  449  | 62.687088274833485 | 5.596731011317327  | 57.09035673875075  |
|  450  | 62.44840049548027  | 5.624980890322954  | 56.823419995430186 |
|  451  | 62.75836120605469  | 5.618580342317239  | 57.13978048471304  |
|  452  | 63.06888131948618  | 5.662102728134546  | 57.40677940173027  |
|  453  | 62.50574957431891  | 5.645829651661408  | 56.859921362461186 |
|  454  | 62.435643592247594 | 5.659586608104217  | 56.77605673374274  |
|  455  | 62.86847009903345  |  5.65334679383498  | 57.21512359227889  |
|  456  | 62.934961317013475 |  5.62639498930711  | 57.308566245054585 |
|  457  | 62.69668674958058  | 5.596680292471861  | 57.10000631870368  |
|  458  | 61.90695729182317  | 5.575142230009421  |  56.3318152716221  |
|  459  | 62.813832886524686 | 5.673347344031701  | 57.140485319479914 |
|  460  | 62.74609137119391  | 5.656906314262977  |  57.0891853919396  |
|  461  | 62.54648801363432  | 5.6582488284966885 | 56.888238940116686 |
|  462  | 62.26737220177284  | 5.673394506894625  | 56.59397854536007  |
|  463  | 62.41748976096129  | 5.679518925104386  | 56.73797068669246  |
|  464  | 62.60582553178836  | 5.620069852486635  |  56.9857563273112  |
|  465  | 62.62734369522486  | 5.624013094779773  | 57.003329381698215 |
|  466  | 62.83046899257562  | 5.6345819111359425 | 57.19588620699369  |
|  467  | 63.01469764905098  | 5.625815528967442  |  57.3888823836889  |
|  468  | 62.50970446464343  | 5.632627367361998  | 56.87707726111779  |
|  469  | 62.27223414494441  | 5.629324050316444  | 56.642909479385764 |
|  470  | 62.14955859844501  |  5.59852542192508  | 56.55103364602113  |
|  471  | 62.62127278254582  | 5.637442661187587  | 56.98383110633263  |
|  472  | 63.17589654775766  |  5.63026673634847  | 57.54563107612805  |
|  473  | 62.52346784542768  | 5.5832053962120645 | 56.94026301457332  |
|  474  | 62.223035293970355 | 5.576545675717868  | 56.64648928520007  |
|  475  | 62.68140176626352  | 5.635306825393285  | 57.046095557579626 |
|  476  | 62.10363572731996  | 5.644990634918213  | 56.45864534818209  |
|  477  | 62.73547577295548  | 5.619210604154147  | 57.11626645210462  |
|  478  | 62.472567659035704 |  5.59103093171731  | 56.88153706085988  |
|  479  | 62.00935044117463  | 5.679528919122158  | 56.32982100657928  |
|  480  | 62.69008515186799  | 5.617279712481376  | 57.072804866692955 |
|  481  | 62.546801178761015 | 5.642673058632092  | 56.90412801889273  |
|  482  |  62.4374796471229  | 5.632587063618195  | 56.804893262814254 |
|  483  | 61.90824261005108  | 5.648064579596887  | 56.26017620771359  |
|  484  | 62.36027650490785  | 5.591820888519287  | 56.768455830109424 |
|  485  | 62.779855706630606 | 5.579250636956631  | 57.20060519878681  |
|  486  | 62.826612208439755 | 5.679746098640638  | 57.146865942539314 |
|  487  | 62.68928706242488  | 5.599944400298289  | 57.08934192755284  |
|  488  | 62.154053931603066 | 5.654234701303335  | 56.49981895251152  |
|  489  |  62.3123011349409  | 5.6385018554100625 | 56.673798116048175 |
|  490  | 62.31103606786483  | 5.605988149887477  | 56.70504725138346  |
|  491  | 62.48666485908704  | 5.596813168647961  | 56.88985069470528  |
|  492  | 62.76358682485727  | 5.583089430393317  | 57.18049809382512  |
|  493  | 62.83902022141677  |  5.58489382034693  | 57.25412705250275  |
|  494  | 62.52804965679462  | 5.633652112422845  | 56.89439692961864  |
|  495  | 62.38527195857122  | 5.5677402515900445 | 56.81753217256986  |
|  496  | 62.692501737154444 | 5.641202060992901  | 57.05129960280198  |
|  497  | 62.26598590557392  | 5.635131880442302  |  56.630854687813   |
|  498  |  62.392042189378   | 5.617777336805295  | 56.774264600704875 |
|  499  | 62.56320837558844  | 5.633520746475611  | 56.92968684661083  |
|  500  | 61.817534981752054 | 5.648992979098589  | 56.168540684626656 |
|  501  | 62.14226210374098  | 5.6127658795087765 | 56.529495990459736 |
|  502  | 62.65164053892478  | 5.600159086569762  | 57.05148164406801  |
|  503  | 62.52739688188602  | 5.593696147234012  | 56.93370137532552  |
|  504  | 62.370474743965346 | 5.645459491534111  | 56.72501546223958  |
|  505  | 62.06233824901092  | 5.592199502113538  |  56.4701391405937  |
|  506  | 62.38984778771034  | 5.593262790777745  | 56.79658442961864  |
|  507  | 63.10470457419371  | 5.586658265040471  | 57.51804704715044  |
|  508  | 63.046099955240884 | 5.565651293045435  | 57.480447739821216 |
|  509  | 62.99292606060322  | 5.560228602091471  | 57.43269758566832  |
|  510  | 62.42087004832732  | 5.664431451650766  | 56.75643806261894  |
|  511  | 62.30435096545097  | 5.651042487315642  | 56.65330865322015  |
|  512  | 62.59361379770132  | 5.575932173606677  | 57.017682561629854 |
|  513  | 62.71296689155774  | 5.564440518403664  | 57.14852503458659  |
|  514  | 62.37453455607096  | 5.5939005455603965 | 56.78063341972155  |
|  515  | 62.54751420632387  | 5.631068465893085  | 56.91644558246319  |
|  516  | 62.90634047288161  | 5.562079160641401  | 57.34426115769607  |
|  517  | 62.605643678322814 | 5.603285890236879  | 57.00235740465995  |
|  518  | 62.535003012632714 | 5.572092853937393  | 56.96290947156075  |
|  519  |  62.5012791012495  | 5.617325285398043  | 56.883954146947616 |
|  520  | 62.35374713604267  | 5.561240718548114  |  56.7925065221542  |
|  521  |  62.3416424208421  | 5.532272001902262  |  56.8093688299717  |
|  522  | 62.42892391889523  | 5.593009243011474  | 56.83591419709035  |
|  523  | 62.30230447231195  | 5.588061978266789  | 56.71424163035857  |
|  524  | 62.387926271878754 | 5.5885263956510105 | 56.79939991095127  |
|  525  | 62.400501853747244 |  5.54542833328247  | 56.85507330478766  |
|  526  | 61.879830803504355 | 5.527813930022411  | 56.35201662503756  |
|  527  | 62.57553282517653  | 5.5489990698985565 | 57.02653432601537  |
|  528  | 62.48523756369566  | 5.563574993426983  |  56.921662695469   |
|  529  | 62.613154555100664 |  5.56524648030599  | 57.04790778918144  |
|  530  | 62.246673857860074 | 5.589670776465001  | 56.657003389016175 |
|  531  | 62.420787298740485 | 5.5587577179150705 | 56.86203060052334  |
|  532  | 62.72524858914889  | 5.566549150515825  | 57.15869862874349  |
|  533  | 62.236027597280646 | 5.548099730075934  | 56.68792732043144  |
|  534  | 62.55999192457933  | 5.548157150561993  | 57.01183409862029  |
|  535  | 62.359983763083434 | 5.582476673615284  | 56.777506717779694 |
|  536  | 62.83248742910532  | 5.515426044464111  | 57.31706085596329  |
|  537  | 61.770413521008614 | 5.548435987325815  | 56.22197816897661  |
|  538  | 62.21819166525816  | 5.518289315639398  | 56.69990156907302  |
|  539  | 62.810985373472555 |  5.49864157309899  | 57.31234403952574  |
|  540  | 62.45514200455103  | 5.542158078902807  | 56.912984443077676 |
|  541  | 61.99086702004457  | 5.558503526540903  | 56.43236134847005  |
|  542  | 62.97878693409455  | 5.529316366635836  | 57.44947006616837  |
|  543  | 61.682955197065304 | 5.533508445544121  | 56.14944605900691  |
|  544  | 62.60641083546174  | 5.510321600009234  | 57.096089997902894 |
|  545  | 62.55392646985176  |  5.57107647382296  | 56.98284924629407  |
|  546  | 62.46130105043069  | 5.523946634928385  | 56.93735495542869  |
|  547  | 61.857890233748996 | 5.5252539013593625 | 56.33263640966171  |
|  548  | 61.848745739276595 | 5.540501417502379  | 56.308243756416516 |
|  549  | 63.02677368946564  | 5.532089145366962  | 57.49468278933794  |
|  550  | 61.64542675311749  | 5.5490155484126165 | 56.096411383213145 |
|  551  | 62.63887591239734  | 5.508491984636356  | 57.13038391113281  |
|  552  | 61.729774353809844 | 5.556511983137864  | 56.17326253646459  |
|  553  | 62.21713673127003  | 5.603711961599497  | 56.61342597374549  |
|  554  | 62.02971211360051  |  5.4952388719412   | 56.53447334485176  |
|  555  | 62.02115951929337  | 5.489023115696051  | 56.53213604266827  |
|  556  | 62.34881624270708  | 5.499891683138334  | 56.848924580109426 |
|  557  | 62.20110646565755  | 5.525359119513096  | 56.67574650299855  |
|  558  | 62.48338610526843  |  5.49653987688896  | 56.98684526883639  |
|  559  | 62.18463291657277  | 5.535794265453632  | 56.64883760892428  |
|  560  |  61.7640812878731  | 5.495305849711101  | 56.26877495398888  |
|  561  | 62.15704071436173  | 5.533496459569687  | 56.62354341164613  |
|  562  | 62.81560077765049  | 5.508533437190912  | 57.30706771459335  |
|  563  | 62.34858213767027  | 5.4603584979130675 | 56.888223912165714 |
|  564  | 62.430572188939806 |  5.48300396601359  | 56.94756823417468  |
|  565  |  61.2489544912485  | 5.577841296073718  | 55.67111310127454  |
|  566  | 61.553218446389224 | 5.541031011923765  | 56.012188548552686 |
|  567  | 61.90713258792192  | 5.546446452507606  | 56.360687302809495 |
|  568  | 62.85920533791567  | 5.532828924717047  | 57.32637663621169  |
|  569  | 61.63168349828476  | 5.586070984082344  | 56.04561315291967  |
|  570  | 62.483768783960585 | 5.5305136538774535 |  56.9532556269719  |
|  571  | 62.234127878042365 | 5.486034478896704  | 56.74809374686999  |
|  572  | 61.719635287553835 | 5.516967289264386  | 56.202669325608476 |
|  573  | 61.63677625607222  | 5.552738617138985  | 56.08403799594977  |
|  574  | 61.67780794583834  | 5.505635297237299  | 56.172173094138124 |
|  575  | 61.657603078988885 | 5.5582740842379055 | 56.099329251020386 |
|  576  | 62.098636991060694 | 5.523234429481702  | 56.57540233514248  |
|  577  | 61.96270209679237  | 5.509630792079828  | 56.45307205200195  |
|  578  | 62.090528063651846 | 5.475001742534149  | 56.61552517230694  |
|  579  | 62.28929450793144  | 5.546537417387351  | 56.742757462721606 |
|  580  | 62.41531521136944  | 5.555452039669722  | 56.85986307388697  |
|  581  | 61.95695679493439  |  5.50383757517888  | 56.45311978853666  |
|  582  | 62.18536637526292  | 5.494275838900835  | 56.69109032264122  |
|  583  | 61.982101639967695 | 5.531137510446402  | 56.450965900910205 |
|  584  | 61.94603395902193  | 5.496497884897085  | 56.44953619932517  |
|  585  | 61.99974726359049  | 5.529211020347399  | 56.47053615472256  |
|  586  | 62.333275263859676 | 5.491127744332338  | 56.842146919446115 |
|  587  | 62.382426041823166 | 5.477790549351619  | 56.904635604467146 |
|  588  | 62.19338336651142  | 5.510701556083483  | 56.682682060828576 |
|  589  | 61.93499090732672  | 5.514858636122484  | 56.420131695087136 |
|  590  | 63.24034221160106  | 5.460736997555464  | 57.779605028201374 |
|  591  |  61.8742162499061  | 5.485759557088216  | 56.38845669086163  |
|  592  | 62.739961849114835 |  5.45746995632465  | 57.28249034783779  |
|  593  | 61.71001082982772  | 5.516580661871495  |  56.1934294519669  |
|  594  | 62.436207725329275 |  5.51243741891323  | 56.92377206655649  |
|  595  | 61.65100989708534  | 5.523947186592298  | 56.12706311739408  |
|  596  | 62.02188007452549  | 5.490527068896172  |  56.5313523043119  |
|  597  | 62.34878670716897  | 5.502767167213635  | 56.84601982312325  |
|  598  | 62.54081466283554  | 5.461998744866787  | 57.07881632486979  |
|  599  | 62.359491334572816 | 5.468747378129225  |  56.8907438659668  |
|  600  |  62.166655077812   |  5.50745253000504  | 56.65920297867213  |
|  601  | 62.345954949794674 | 5.488465097867525  |  56.8574901169997  |
|  602  | 62.49651646931966  |  5.51604852334047  | 56.980468041835685 |
|  603  |  62.4920387502817  |  5.53456364656106  | 56.95747436914689  |
|  604  | 62.221553970728166 |  5.52089698938223  | 56.70065624139248  |
|  605  |  62.2727970299354  |  5.52944536795983  | 56.74335135826698  |
|  606  | 62.681588451678934 | 5.525626386495737  | 57.15596220358824  |
|  607  | 61.79001722286909  | 5.482875814193334  | 56.307140718117736 |
|  608  | 62.353909826034155 | 5.517452147068122  | 56.83645763299404  |
|  609  | 62.02218959710537  |  5.43719193580823  | 56.58499767988156  |
|  610  | 61.95498748779297  | 5.487584909292368  | 56.46740186642378  |
|  611  | 61.79521971873748  | 5.529982803540352  | 56.265236429067755 |
|  612  | 62.130831408378405 | 5.561776666885767  | 56.56905502710587  |
|  613  | 62.57194098056891  | 5.517643061906863  | 57.05429693368765  |
|  614  | 62.15572775816306  | 5.516747985742031  | 56.638980681590546 |
|  615  |  62.6725611720941  | 5.491929200001252  | 57.180632758507365 |
|  616  | 62.23427184667343  | 5.521362025432097  | 56.71290927984776  |
|  617  | 62.117735806978665 | 5.504774688329452  | 56.612960553291515 |
|  618  | 61.948737272604916 | 5.487844458359938  | 56.460892330071864 |
|  619  | 62.17388635097406  | 5.481565743959867  | 56.692320259289865 |
|  620  | 62.04976328923152  | 5.537028531783666  | 56.51273440238757  |
|  621  | 61.94762207422501  | 5.488745084420229  | 56.45887723091321  |
|  622  | 62.77260998065655  | 5.457681201543563  | 57.314928158491085 |
|  623  | 62.19372450217222  | 5.517035576257951  | 56.67668771988306  |
|  624  | 62.450152188814606 | 5.546778931740003  | 56.903373452211035 |
|  625  | 62.25510413536659  | 5.538862124222976  | 56.716241771991434 |
|  626  | 61.939166737091846 | 5.513008802854098  | 56.42615689008664  |
|  627  | 62.91266081589919  | 5.459103873326228  | 57.453556870680586 |
|  628  | 62.15963615221855  | 5.5066192069420445 | 56.65301727686173  |
|  629  |  61.8622001178448  | 5.5312495187612685 | 56.33095134637295  |
|  630  | 62.322669489933894 | 5.528623396066519  | 56.79404629438351  |
|  631  | 62.349561587602665 | 5.564572944641113  | 56.784988755446214 |
|  632  | 62.13617306831556  | 5.530075007218581  | 56.606099305764225 |
|  633  | 62.616153920491534 | 5.510888733986096  | 57.105265322954224 |
|  634  | 62.02244067852314  | 5.577688360458765  |  56.4447524985289  |
|  635  | 61.76530218271109  | 5.554338087913318  | 56.21096383901743  |
|  636  | 62.258685134496446 | 5.515322536077255  | 56.74336309579702  |
|  637  | 62.63296404716296  | 5.550733443529178  | 57.08222946949494  |
|  638  | 62.22848901210687  | 5.4876311796139445 | 56.74085803692157  |
|  639  | 61.985750474196216 | 5.503644876235571  | 56.48210513775165  |
|  640  | 61.76349388318184  | 5.499467275081536  | 56.264026974409056 |
|  641  | 61.518026799911105 | 5.526186967507387  | 55.991839771759814 |
|  642  | 62.335238467485475 | 5.5192418714670035 | 56.81599552643605  |
|  643  | 62.45442236875876  | 5.469335378989196  | 56.98508619259565  |
|  644  | 62.44455494807317  | 5.518990998879457  | 56.925565142509264 |
|  645  | 61.66845332610301  | 5.577675411517803  | 56.09077756441557  |
|  646  | 62.11066667605669  |  5.49405391008426  | 56.61661280314127  |
|  647  | 62.64785019312149  | 5.455507809076554  | 57.19234240800906  |
|  648  | 61.82016205225236  | 5.484941013042743  | 56.33522225795648  |
|  649  | 62.006452261117786 | 5.494925343440129  | 56.51152603931916  |
|  650  | 62.00016513922276  | 5.515101740421393  | 56.485063343537156 |
|  651  | 61.87085185515575  | 5.545853567857009  | 56.324998149382765 |
|  652  | 62.07594335702749  | 5.441394285544371  | 56.63454959967198  |
|  653  | 61.521475763565455 | 5.432653884398632  | 56.088821070744444 |
|  654  | 61.90639648828751  |  5.46151808812068  | 56.444878731752056 |
|  655  | 62.107699264135114 |  5.46673381169637  | 56.640965349246294 |
|  656  | 62.45404244838617  | 5.455346453740047  | 56.99869638296274  |
|  657  | 62.45657027024489  | 5.429355681981796  | 57.02721574440981  |
|  658  | 62.200865486340646 | 5.496746968000363  | 56.704119313557946 |
|  659  | 61.786145739433096 | 5.439644059890356  | 56.34650267772186  |
|  660  | 62.033478338779545 | 5.417625051645132  | 56.61585312280899  |
|  661  | 61.79423852773813  | 5.4820123985486156 | 56.31222671117538  |
|  662  | 62.364577088967344 | 5.452574653625488  | 56.91200235611353  |
|  663  | 61.57947065304487  | 5.489486512404222  | 56.089983637883115 |
|  664  | 61.87902233808469  | 5.4840003263033354 | 56.39502229348207  |
|  665  |  62.1178581237793  | 5.506601441212189  | 56.61125615437825  |
|  666  | 61.686668493808845 | 5.414698429107666  | 56.27197004660582  |
|  667  | 62.260973123403694 | 5.4908165780091895 | 56.77015641823793  |
|  668  | 61.930586094000404 |  5.45682459855691  | 56.47376231658153  |
|  669  | 62.01167873676007  | 5.453849563598633  | 56.55782930031801  |
|  670  | 61.65537413377028  | 5.443829326629639  | 56.21154504629282  |
|  671  | 61.78813995752579  |  5.41441834572034  | 56.37372150518955  |
|  672  | 61.86798180995844  | 5.447722026140262  | 56.42025885557517  |
|  673  | 61.97839778802334  | 5.434572740701529  | 56.54382553883088  |
|  674  | 61.90764790070362  |  5.40736292276627  | 56.50028586754432  |
|  675  | 61.918314044658956 | 5.472130926572359  | 56.44618291219076  |
|  676  | 61.86309801933093  | 5.452709179413624  | 56.41038803883088  |
|  677  | 61.93287961128431  | 5.415753143995236  | 56.51712632008088  |
|  678  | 62.104253829564804 | 5.393990000700339  | 56.71026424310146  |
|  679  |  61.557120705629   | 5.440334999377911  | 56.116785391783104 |
|  680  | 62.07864553207006  | 5.428911362672464  | 56.64973531869742  |
|  681  | 61.89499092297676  | 5.4120483975532725 | 56.48294235620743  |
|  682  | 62.28107661320613  | 5.420722913986597  |  56.8603533974672  |
|  683  | 61.56703129695012  | 5.4194563870552255 | 56.147574048164564 |
|  684  | 62.12328602326222  | 5.431506216098101  | 56.69177887745393  |
|  685  | 61.98602059388772  | 5.411446012839293  | 56.57457386114658  |
|  686  | 61.475001557178985 | 5.445073405534793  | 56.02992869450496  |
|  687  | 61.89819430620243  | 5.423473727886494  | 56.47471983298277  |
|  688  | 61.923689586932845 | 5.444383985568315  | 56.47930637848683  |
|  689  | 61.31968258588742  | 5.4384722386873685 | 55.881209630721656 |
|  690  | 61.86439231285682  | 5.472919943882869  | 56.391471483279496 |
|  691  | 61.799291401398484 | 5.421407034458258  | 56.37788527659881  |
|  692  | 62.191617552928435 | 5.450138138013008  |  56.7414796486879  |
|  693  | 62.17911970872145  | 5.401206479194837  | 56.77791310237004  |
|  694  |  61.9780489055927  | 5.455624173482259  | 56.52242478199494  |
|  695  | 61.468656154534756 | 5.364277787819887  | 56.104378869472406 |
|  696  | 61.46788943950946  | 5.469430296482184  | 55.99845931224334  |
|  697  | 61.72579778817984  |  5.42315363468268  | 56.302643166566504 |
|  698  | 61.84686112623948  |  5.39089918968005  | 56.45596120198568  |
|  699  | 61.687617492675784 | 5.4641234216934595 | 56.22349391056941  |
|  700  |  62.6404742979392  | 5.417581631587102  | 57.22289192786584  |
|  701  | 61.74102548452524  | 5.435744952666454  | 56.305279482327975 |
|  702  | 61.73031569260817  | 5.3865749280880655 | 56.34374142377804  |
|  703  | 61.819884150578424 | 5.410055094987918  | 56.40982948498848  |
|  704  | 62.502910527938454 | 5.461262634962033  | 57.04164853218274  |
|  705  | 61.95841157962114  | 5.462477090297601  | 56.495934299566805 |
|  706  | 61.39779722164839  | 5.400848501645601  | 55.99694863735101  |
|  707  | 61.697215200570916 | 5.478274678939428  | 56.21894061357547  |
|  708  | 62.33000038342598  | 5.452613808069474  | 56.87738802396334  |
|  709  | 62.419244615603716 | 5.395237753452399  | 57.02400708320813  |
|  710  | 61.73351193159054  | 5.448145565619836  |  56.2853657805614  |
|  711  | 62.264422803047374 | 5.415564159491123  | 56.84885944464268  |
|  712  | 62.17303327902769  | 5.450569836543156  | 56.72246286636744  |
|  713  | 62.099297094100564 | 5.469302208240215  | 56.62999509762495  |
|  714  |  62.1119776955629  | 5.421647948240622  | 56.690329859806944 |
|  715  | 61.681216614552035 | 5.429070530426808  | 56.252146833370894 |
|  716  | 61.884927767240086 |  5.49300570218991  |  56.3919221496582  |
|  717  | 61.693839925130206 | 5.449831202091315  | 56.24400897686298  |
|  718  | 61.53109614054362  | 5.434919284429306  | 56.09617646046174  |
|  719  | 62.27627492660131  |  5.42424829972096  | 56.852027122301934 |
|  720  | 61.90955568753756  |  5.42923006155552  | 56.48032636984801  |
|  721  | 62.19432452862079  | 5.409249941507976  | 56.78507522583008  |
|  722  | 61.51341048803085  | 5.4698431895329405 | 56.043567598783056 |
|  723  | 61.98302350557768  | 5.461930558131291  | 56.521093065310744 |
|  724  | 61.43490376399114  | 5.4901748256194285 | 55.94472873394306  |
|  725  | 61.40485909877679  | 5.445654921898475  | 55.95920338166066  |
|  726  | 61.933882759289865 | 5.417793564918714  | 56.516089923565204 |
|  727  | 61.227642783140524 | 5.425614725748698  | 55.80202805739183  |
|  728  | 61.54093152559721  | 5.465979542365441  | 56.074951973939555 |
|  729  | 61.392398994641425 | 5.428816191844451  | 55.96358289278471  |
|  730  | 62.06919665214343  | 5.452081724313589  | 56.61711369441106  |
|  731  | 61.47012825990335  | 5.428726299481514  | 56.04140231010241  |
|  732  | 62.10504580766727  | 5.414026007040953  | 56.69101950229743  |
|  733  | 61.96902219332181  | 5.440684790978065  | 56.52833759014423  |
|  734  |  62.2034079292493  | 5.430919469197591  | 56.77248805119441  |
|  735  | 62.133507353953824 |  5.41572809170454  | 56.717779247577376 |
|  736  | 61.399934837145686 | 5.496179492657001  | 55.903754311586034 |
|  737  | 61.64938297369541  | 5.461509391099979  | 56.18787436852088  |
|  738  | 61.83880881676307  |  5.41660436630249  | 56.422204945882164 |
|  739  | 62.27163667336488  | 5.491040444496351  | 56.780596383901745 |
|  740  | 62.380417050092646 | 5.451520342215513  | 56.92889584272336  |
|  741  | 61.996536262707835 | 5.396083543728559  | 56.600452290070365 |
|  742  | 61.678485584748096 | 5.453780068128537  | 56.224705352783204 |
|  743  | 62.04655422112881  | 5.412939318143405  | 56.63361447065304  |
|  744  | 61.59030359121469  | 5.481844202677409  | 56.10845960568159  |
|  745  | 61.919427275046324 |  5.40353243461022  | 56.51589450542743  |
|  746  | 62.497171396108776 | 5.461864361885266  | 57.03530678382287  |
|  747  | 62.232864250769985 |  5.41027497951801  | 56.822588735727166 |
|  748  | 62.01116368611654  | 5.464835536663349  | 56.54632794502454  |
|  749  | 61.564813369359726 | 5.488096403953357  | 56.076717306283804 |
|  750  | 61.76105958987505  | 5.400788262196076  | 56.360272592397834 |
|  751  | 62.17621211907802  | 5.410189464764717  | 56.76602269099309  |
|  752  | 61.988508918957834 | 5.4786468784625715 | 56.509861814058745 |
|  753  |  62.1718550383739  | 5.385782066247402  | 56.78607377272386  |
|  754  | 62.39711190248147  | 5.382899472163274  | 57.014212071345405 |
|  755  | 62.270259857177734 | 5.478968920585436  | 56.79129134349334  |
|  756  | 61.83088335477389  | 5.449810405144325  | 56.38107167561849  |
|  757  | 61.63499296139448  | 5.4272938733223155 | 56.20769926804763  |
|  758  | 61.586373960054836 | 5.449123911735339  | 56.13724993974735  |
|  759  | 61.94671904343825  | 5.469555009206136  | 56.47716411884014  |
|  760  | 62.109876603346606 | 5.4423303012358835 | 56.667547012720355 |
|  761  | 61.26940834632287  | 5.418264838976738  |  55.8511428520007  |
|  762  | 61.47129771697215  | 5.448974163837922  | 56.02232451610076  |
|  763  | 62.16903636443309  | 5.396792100759653  | 56.772244904346955 |
|  764  | 61.28062252338116  | 5.424206268114921  | 55.85641583173703  |
|  765  | 61.73488825088892  | 5.420493869781494  |  56.3143941008739  |
|  766  | 61.75857357709836  | 5.368219633346949  |  56.3903554319724  |
|  767  | 62.14982536120292  | 5.479158228360689  | 56.67066649216872  |
|  768  | 61.631747280023035 | 5.407886372101612  | 56.22386037973257  |
|  769  | 61.52210718399439  | 5.405892621553861  | 56.11621378580729  |
|  770  | 61.56299685747196  | 5.430478814932016  | 56.132518165784006 |
|  771  | 62.05901662190755  | 5.392815719995744  | 56.666199904221756 |
|  772  | 61.44805904290615  | 5.4097698730077495 | 56.03829018226037  |
|  773  | 62.23315135857998  | 5.431449479812231  |  56.8017023448455  |
|  774  | 61.38641391851963  | 5.4065091631962705 | 55.97990509424454  |
|  775  | 61.50031505878155  | 5.407521256666917  | 56.09279339130108  |
|  776  | 61.87799916585286  | 5.3949790196541025 | 56.483021298922026 |
|  777  | 62.41209525866386  | 5.389366711836595  |  57.022727539845   |
|  778  | 61.46307943490835  | 5.407737704546023  |  56.0553422663762  |
|  779  | 62.56497077355018  | 5.353891743880052  | 57.211079285450474 |
|  780  | 62.237268559382514 | 5.371624720646785  | 56.865643963936044 |
|  781  | 61.626837486853965 | 5.362533814845941  | 56.26430393708058  |
|  782  | 61.52756937271509  | 5.385078554887038  | 56.14249154506586  |
|  783  | 62.151764495067106 | 5.377777132376647  | 56.77398737589518  |
|  784  | 61.759460089267826 | 5.348099744258783  | 56.41136070055839  |
|  785  | 61.39829605885041  | 5.348968674097305  | 56.049327916854466 |
|  786  | 61.65651075314253  | 5.379545081701034  | 56.27696481557993  |
|  787  | 62.04354024251302  | 5.375467786544409  | 56.668073284442606 |
|  788  | 61.56728508973733  | 5.372606686323117  | 56.19467780871269  |
|  789  | 61.92254418788812  | 5.381149539458446  | 56.54139463767027  |
|  790  | 61.44765070988582  | 5.350168275099534  | 56.097482401529945 |
|  791  | 61.48766081198668  | 5.368978758102808  | 56.118682563977366 |
|  792  | 61.536057997483475 | 5.396025554950421  | 56.140031253130005 |
|  793  |  61.4054221480932  | 5.387494844289926  | 56.01792697613056  |
|  794  | 61.54055664453751  | 5.372493378076798  | 56.16806204771384  |
|  795  | 62.11147004738832  |  5.35923111597697  | 56.75223813570463  |
|  796  | 62.40736930651543  | 5.370697889572535  | 57.036670829577325 |
|  797  | 61.73298482259115  | 5.374845990890112  | 56.35813944498698  |
|  798  | 62.28101834810697  | 5.374117393493652  | 56.90690022395207  |
|  799  | 61.966440922663764 | 5.377163737859481  | 56.58927764892578  |
|  800  | 61.426183585142475 | 5.376822804671067  | 56.04936069977589  |
|  801  |  61.1840846095941  | 5.371407272632306  | 55.812677596654645 |
|  802  | 61.48869684072641  |  5.38590149414845  | 56.10279514410557  |
|  803  | 61.31455483852289  | 5.3688623751126805 | 55.94569264729818  |
|  804  | 61.362177413549176 | 5.372779355660463  | 55.98939936319987  |
|  805  | 61.63764181283804  | 5.343911447769556  | 56.29373089521359  |
|  806  | 62.06511851384089  | 5.359633778303097  | 56.705485468155295 |
|  807  | 62.04423530774239  | 5.335212048750657  | 56.70902290539864  |
|  808  | 61.89389727470202  | 5.368703972254044  | 56.52519331711989  |
|  809  | 61.409149334247296 | 5.337830378703582  | 56.071319137964494 |
|  810  | 61.185821947929185 | 5.361125023670685  | 55.824696565285706 |
|  811  | 61.34486731113532  | 5.358732494941124  | 55.986134385329024 |
|  812  | 62.31107224293244  | 5.3255505493359685 | 56.98552105634641  |
|  813  | 61.782984838241184 | 5.3657924573849405 | 56.41719253540039  |
|  814  | 61.81862133710812  | 5.355580563667493  | 56.46303980118189  |
|  815  | 61.88657771183894  | 5.3445070609068255 | 56.54207049247546  |
|  816  | 61.841464519011666 | 5.419442789126665  | 56.42202278332832  |
|  817  | 61.70346920306866  | 5.371608259249956  | 56.331860746726015 |
|  818  | 61.91173555031801  | 5.384044223687588  | 56.52769118480193  |
|  819  | 61.382386075533354 | 5.376297555092053  | 56.006088550274185 |
|  820  | 61.77340963510367  | 5.374635524260692  | 56.39877466837565  |
|  821  | 61.77336714133238  | 5.334940187992194  |  56.4384262906588  |
|  822  | 61.658997771434294 | 5.355676007393079  | 56.30332244873047  |
|  823  |  61.5689680089706  | 5.410009602277706  | 56.15895810640775  |
|  824  | 61.85339536617964  | 5.401586105640118  | 56.45180930113181  |
|  825  |  61.575091212346   | 5.3588410392174355 |  56.2162500391251  |
|  826  | 61.93514046302209  | 5.360605073097425  | 56.57453530336038  |
|  827  | 61.90225139911358  | 5.361053848266602  | 56.54119661380083  |
|  828  | 61.855790671324115 | 5.342540770799686  | 56.51324923784305  |
|  829  | 61.57275645329402  | 5.352060927366599  | 56.22069626636994  |
|  830  | 62.06588197757036  |  5.35133225563245  | 56.714549807035006 |
|  831  | 61.80902323404948  | 5.372082744011512  | 56.43694053063026  |
|  832  |  61.7142831264398  | 5.339462496439616  | 56.37482039622771  |
|  833  | 61.576915639241534 | 5.350610463558099  | 56.22630528767904  |
|  834  | 61.63993701250125  | 5.374573872884114  |  56.2653635152181  |
|  835  | 61.59221610044822  | 5.386966809003781  | 56.205248816074466 |
|  836  | 62.05209228124374  | 5.4145960313845904 | 56.63749653351613  |
|  837  | 61.36506180200821  | 5.378006391769801  | 55.98705510457357  |
|  838  | 61.22849336281801  | 5.357615658686711  | 55.87087712214543  |
|  839  | 61.421778071476865 | 5.368831900572165  | 56.05294761070839  |
|  840  | 61.554676435421676 | 5.382256817939954  | 56.17242021609575  |
|  841  | 61.57058260404147  | 5.375230793586144  | 56.195352865365834 |
|  842  | 61.46511716011243  | 5.408193809802715  |  56.0569224978716  |
|  843  | 61.32228106767703  | 5.3845626615866635 | 55.93771740644406  |
|  844  | 60.69608643360627  | 5.378059278634878  | 55.31802829057742  |
|  845  | 61.209382703732224 | 5.326718318156707  | 55.88266384809445  |
|  846  | 61.496536978697165 |  5.37539471797454  | 56.12114253508739  |
|  847  | 62.141989644368486 | 5.389959418467987  | 56.752030146672176 |
|  848  | 61.622279048821866 | 5.366673308152419  | 56.25560624733949  |
|  849  | 61.52745274079152  | 5.341220190097125  | 56.18623265193059  |
|  850  | 61.91898557222807  | 5.317788872352013  | 56.60119685246394  |
|  851  | 61.18053116235978  | 5.3908093310625125 | 55.78972228221404  |
|  852  | 61.92561879867162  |  5.3571696242308   | 56.56844920231746  |
|  853  |  61.3664517172789  | 5.366757402664576  | 55.99969454251803  |
|  854  | 62.03584989890074  | 5.371490789071108  | 56.664360175499546 |
|  855  | 61.337874622834036 | 5.3502489520341925 | 55.98762474646935  |
|  856  | 61.55085755959535  | 5.3439607273003995 | 56.20689696091872  |
|  857  | 61.93509656857221  | 5.368860073578664  | 56.566237037854314 |
|  858  | 62.15590149708283  | 5.341895090738932  | 56.81400540474134  |
|  859  | 61.40009634947165  | 5.397710850055401  | 56.002385574732074 |
|  860  | 61.38712506025266  | 5.360876015883226  | 56.02624906099759  |
|  861  | 61.416366013746995 | 5.3540298579289365 | 56.06233568631686  |
|  862  | 61.393549178685895 | 5.405170219617013  | 55.988379086225464 |
|  863  | 61.714337142553084 | 5.324403015527969  | 56.38993375338041  |
|  864  | 61.400526267809745 | 5.417177348992763  | 55.98334876036033  |
|  865  | 61.104471451196915 | 5.411353592505821  | 55.69311680720403  |
|  866  | 60.93141542092348  | 5.358164730072022  | 55.57324977776943  |
|  867  | 61.77941273224659  | 5.397759185204139  |  56.3816539431841  |
|  868  | 61.100443713848406 | 5.329405252994635  | 55.77103812975761  |
|  869  | 61.68957359900841  | 5.4048957012861205 | 56.28467803172576  |
|  870  | 62.149784221160104 | 5.383659865550506  | 56.76612407977765  |
|  871  | 61.43457736284305  | 5.365388013888628  | 56.069188772348255 |
|  872  | 61.290736471322866 | 5.418790911650047  | 55.871944986979166 |
|  873  | 61.688391923170826 | 5.3631519571940105 | 56.325241034092045 |
|  874  | 61.84983738825871  |  5.38550590417324  | 56.464332279303136 |
|  875  | 61.85220133854793  | 5.394647443233392  |  56.4575532805614  |
|  876  | 61.247267894255806 | 5.384713739737486  | 55.86255458342723  |
|  877  | 61.721036455203325 | 5.357468660794772  | 56.363567986121545 |
|  878  | 61.79854325123323  |  5.36404363876734  | 56.43449874486679  |
|  879  | 61.43705752641727  | 5.352292351844984  | 56.084765883225664 |
|  880  | 62.16727062910031  | 5.320725238995674  | 56.84654641958383  |
|  881  | 61.68206158760266  | 5.352234280904134  | 56.329827693058895 |
|  882  | 61.403176954220505 | 5.396878666021885  | 56.006297317896134 |
|  883  | 61.45321842682667  | 5.372724614265637  | 56.080493328387924 |
|  884  | 61.64776835123698  | 5.314329373775385  | 56.33343879504081  |
|  885  | 60.95237123538286  | 5.336603289384108  | 55.61576651157477  |
|  886  | 61.10569103143154  | 5.407652239188169  | 55.698038646991435 |
|  887  | 61.53335510253906  |  5.38788923410269  | 56.145465682592146 |
|  888  | 61.67523691030649  |  5.36305200674595  | 56.312185516357424 |
|  889  | 62.19315739558293  | 5.374660582420153  | 56.81849564772386  |
|  890  | 61.28463050255409  | 5.3705864519950675 | 55.91404467069186  |
|  891  | 61.50405597393329  | 5.388570457849747  | 56.11548610198192  |
|  892  | 60.86700232481345  | 5.414806854541485  | 55.45219491420648  |
|  893  |  61.9125966781225  | 5.361305208450709  | 56.55129142174354  |
|  894  | 61.377427325126455 | 5.4073724115811865 | 55.97005390265049  |
|  895  | 61.377281607603415 |  5.3530640964019   | 56.02421690720778  |
|  896  | 61.994950808011566 | 5.337733484414907  | 56.65721651908679  |
|  897  | 61.924895618145285 | 5.321055802076291  | 56.60384069980719  |
|  898  | 61.23218462039263  | 5.355521610944699  |  55.8766637127216  |
|  899  | 61.60012340447842  | 5.402827968597412  | 56.197295958690155 |
|  900  | 61.730882744422324 | 5.383291052793846  | 56.34759243696164  |
|  901  | 61.240172772529796 |  5.35123109964224  |  55.8889417169033  |
|  902  | 61.751392646202675 | 5.388016862135667  |  56.3633751580654  |
|  903  | 61.96063217554337  | 5.387729039314466  | 56.572902061266774 |
|  904  | 61.01486330081255  | 5.3301276588439945 | 55.684735995561645 |
|  905  | 61.03670885917468  | 5.325895199408898  | 55.71081285525591  |
|  906  | 61.25803097847181  | 5.319718208312988  | 55.93831272614308  |
|  907  | 61.35626424153646  | 5.307717380523681  | 56.04854846660908  |
|  908  | 61.404110490847856 | 5.332424290485871  | 56.07168661264273  |
|  909  | 61.93989511343149  | 5.296228211720784  | 56.64366802117763  |
|  910  | 62.00395398262219  | 5.323848660786947  | 56.68010536780724  |
|  911  | 61.200994900434445 | 5.322014396374042  | 55.878980415539864 |
|  912  | 61.63400819044847  |  5.33348710231292  | 56.300520688570465 |
|  913  | 61.330405472975514 | 5.356597362909562  | 55.973807697785205 |
|  914  | 61.82556600326147  | 5.319268983694223  | 56.50629659408178  |
|  915  |  61.5276836336576  | 5.337773846357297  | 56.189909636668666 |
|  916  | 61.496922337458685 | 5.305234337831155  | 56.191688349797175 |
|  917  | 62.10640029907226  | 5.314095004644149  | 56.79230474227514  |
|  918  | 61.212990151429786 |  5.30603239939763  | 55.90695951804137  |
|  919  | 61.066235770201075 | 5.335379209762965  | 55.73085668710562  |
|  920  | 61.68651047926683  |  5.27768310938126  | 56.408828277587894 |
|  921  | 62.06823221451197  | 5.2945699794475845 | 56.77366268060146  |
|  922  | 61.110475448217144 | 5.314807099073361  | 55.795668542323966 |
|  923  | 61.65995115622496  | 5.3082241170834275 | 56.351727928748495 |
|  924  | 61.20878561557868  | 5.320667345095903  |  55.8881172649677  |
|  925  | 61.35086554111579  | 5.295889911162548  | 56.05497614542643  |
|  926  | 61.91389905489408  | 5.352665035541241  |  56.5612338687212  |
|  927  | 62.15778332441281  | 5.312272393153264  | 56.845510715582435 |
|  928  | 61.29104023860051  | 5.288247376466408  | 56.002792092347754 |
|  929  | 61.47896951919947  | 5.297193339910263  | 56.181775990021535 |
|  930  |  61.809483595628   | 5.298892338092511  | 56.51059149326422  |
|  931  | 61.596633523794324 | 5.263248732151129  | 56.33338496281551  |
|  932  | 61.41041038317558  | 5.312841642330854  | 56.09756877018855  |
|  933  | 61.18853704599234  | 5.3204427670209835 | 55.86809521797376  |
|  934  | 60.958122081267526 | 5.347115192902394  |  55.6110075769669  |
|  935  | 61.64874906882262  | 5.275734825623341  | 56.37301494109325  |
|  936  | 61.26155931130434  | 5.3326102095383865 | 55.92894916240986  |
|  937  | 61.574923201340894 | 5.297113449879181  |  56.2778090648162  |
|  938  | 61.55523568569085  | 5.321792044517322  | 56.23344336485251  |
|  939  | 61.56472736065204  | 5.347215176117726  | 56.21751282129532  |
|  940  | 61.30183098426232  |  5.32756396269187  | 55.97426788330078  |
|  941  | 61.828363267947466 | 5.285095770420172  | 56.54326790442833  |
|  942  | 62.01406382242838  | 5.296793213868752  | 56.717269748785554 |
|  943  | 61.024425710042316 | 5.318978665180695  | 55.705447481595556 |
|  944  | 61.46217314108824  | 5.327986723092886  | 56.134185931865986 |
|  945  | 61.024261337671525 | 5.325877047318679  | 55.69838382427509  |
|  946  | 61.04562613854041  | 5.304161838140243  | 55.741464155148236 |
|  947  | 61.38645262498122  | 5.289437166360709  | 56.09701413668119  |
|  948  | 61.680971128023586 |  5.34775634374374  |  56.333214256091   |
|  949  | 61.69015626565004  | 5.295202194605118  | 56.39495425102038  |
|  950  | 61.30055328760392  | 5.286888935871613  | 56.01366483248197  |
|  951  | 61.35235571054312  | 5.315766384418194  | 56.036590231870996 |
|  952  | 61.16534072093474  | 5.278574196742131  | 55.88676613049629  |
|  953  | 61.58238151745918  | 5.336304531097412  | 56.24607669536884  |
|  954  | 61.62822422125401  | 5.278158883314866  | 56.35006513546675  |
|  955  | 61.625491978571965 | 5.304552787878574  | 56.32093944842999  |
|  956  | 61.35163194705279  | 5.310285453307323  | 56.04134676419772  |
|  957  | 61.665267748710434 | 5.3447246292309885 | 56.32054253211388  |
|  958  |  61.7595249586839  | 5.3061973151182515 | 56.45332800058218  |
|  959  | 61.352544594789165 | 5.283291227389604  | 56.06925308227539  |
|  960  | 61.71531705807417  |  5.25590557538546  | 56.45941117506761  |
|  961  | 61.23685400547125  | 5.323805686755058  | 55.91304932031876  |
|  962  | 61.91018624330178  | 5.288318367493458  | 56.62186854435847  |
|  963  | 61.483778725648534 | 5.348714498862242  | 56.13506377391326  |
|  964  | 61.14445419702774  | 5.331663580185328  | 55.81279001871745  |
|  965  | 60.83380815163637  | 5.336848977895883  | 55.49695851252629  |
|  966  | 61.09850588676257  | 5.288226804488745  | 55.81027753389799  |
|  967  | 61.365380260760965 | 5.300674334795047  | 56.06470517672025  |
|  968  | 61.20711723132011  | 5.358441602755816  | 55.848676867362784 |
|  969  | 61.021873798859424 | 5.313125445537078  | 55.70874864627154  |
|  970  | 62.22056047097231  |  5.33820270782862  |  56.8823569547213  |
|  971  | 61.54908807607797  | 5.307294901823386  | 56.24179355719151  |
|  972  | 60.54625299307016  |  5.35166911247449  | 55.19458371675932  |
|  973  | 61.47808850410657  | 5.335570113842304  | 56.14251732068184  |
|  974  | 61.261916633019084 | 5.313802835513384  | 55.948113849346456 |
|  975  | 61.27442799494817  | 5.365078191023606  | 55.909349247859076 |
|  976  | 60.83847181271284  |  5.40291786634005  | 55.435553721892525 |
|  977  | 61.11627802139674  | 5.301466684096899  | 55.81481159699269  |
|  978  | 61.852776446220204 | 5.314870590796837  |  56.5379049604367  |
|  979  | 61.926598127316204 | 5.335756121415359  | 56.590841350066356 |
|  980  | 61.399749521108774 | 5.356813391171969  | 56.04293638571715  |
|  981  | 60.83922489655323  | 5.373136283189822  | 55.46608868329953  |
|  982  | 61.19620229476538  | 5.328355163182968  | 55.867847383939306 |
|  983  |  61.8501229662773  | 5.359925852555495  | 56.49019610282702  |
|  984  | 61.01171325683594  |  5.3468299024533   | 55.66488475310497  |
|  985  | 61.957716213128506 | 5.365249364314935  | 56.59246715447841  |
|  986  | 61.90773790408404  | 5.342505934788631  |  56.5652320705316  |
|  987  | 61.710380546374196 | 5.3633954385610725 | 56.34698595487154  |
|  988  | 61.75105822440906  | 5.286631207099328  | 56.464427897135415 |
|  989  | 61.37738018329327  | 5.3771755135365025 |  56.0002044521234  |
|  990  | 61.94490713657477  | 5.3986672171568255 | 56.546239510560646 |
|  991  | 61.16910023224659  | 5.337303236936911  | 55.83179647983649  |
|  992  | 62.00472299820338  | 5.275195160401173  | 56.72952667236328  |
|  993  | 61.43345954699394  | 5.308737513713347  | 56.12472243088942  |
|  994  | 61.82171716152094  | 5.342542792100173  | 56.47917479294997  |
|  995  | 60.953526990841596 | 5.335013602819198  | 55.618514498197115 |
|  996  | 61.53284842857948  | 5.298932235913399  | 56.233916708139276 |
|  997  | 61.716424372746395 | 5.328209057343312  | 56.38821630233373  |
|  998  | 61.30251570481521  | 5.345417263813508  | 55.957098928598256 |
|  999  | 61.166436227651744 |  5.32895326369848  | 55.83748298058143  |
|  1000 | 61.97907514523237  | 5.335320671277168  | 56.643753752097105 |
+-------+--------------------+--------------------+--------------------+