+-------+--------------------+--------------------+------------------------+
| Epoch |     total_loss     |      dt_loss       |       type_loss        |
+-------+--------------------+--------------------+------------------------+
|   1   | 20.65816822736691  | 20.65816541427221  | 1.5535542303414564e-06 |
|   2   | 17.763749998043746 | 17.763747089092547 | 1.5535542303414564e-06 |
|   3   | 16.704298977974133 | 16.704298072228063 | 1.5535542303414564e-06 |
|   4   | 16.796488976111778 | 16.796487068763145 | 1.5535542303414564e-06 |
|   5   | 16.74173717596592  | 16.74173717596592  | 1.5535542303414564e-06 |
|   6   | 16.41615593347794  | 16.41615593347794  | 1.5535542303414564e-06 |
|   7   | 16.237987837180114 | 16.237986931434044 | 1.5535542303414564e-06 |
|   8   | 16.358614812997672 | 16.358611904046473 | 1.5535542303414564e-06 |
|   9   | 16.19772889357347  |  16.1977279878274  | 1.5535542303414564e-06 |
|   10  | 16.116289436144708 | 16.116287528796075 | 1.5535542303414564e-06 |
|   11  | 15.978608013055263 | 15.97860610570663  | 1.5535542303414564e-06 |
|   12  | 15.903467403314053 | 15.90346549596542  | 1.5535542303414564e-06 |
|   13  | 15.898055856166742 | 15.898053495945074 | 1.5535542303414564e-06 |
|   14  | 15.601453215770233 |  15.6014513084216  | 1.5535542303414564e-06 |
|   15  | 15.624827830974873 | 15.62482592362624  | 1.5535542303414564e-06 |
|   16  | 15.609047990456606 | 15.609045630234938 | 1.5535542303414564e-06 |
|   17  | 15.569669472131974 | 15.569667111910306 | 1.5535542303414564e-06 |
|   18  | 15.47557434571095  | 15.475572891235352 | 1.5535542303414564e-06 |
|   19  | 15.39455002124493  | 15.39454856676933  | 1.5535542303414564e-06 |
|   20  | 15.241733987270257 | 15.241732580722907 | 1.5535542303414564e-06 |
|   21  | 15.134371356475048 | 15.134370855673765 | 1.5535542303414564e-06 |
|   22  | 15.137913376245743 | 15.13791146889711  | 1.5535542303414564e-06 |
|   23  | 15.006684525318635 | 15.006683118771283 | 1.5535542303414564e-06 |
|   24  | 15.080670871245555 | 15.080669464698204 | 1.5535542303414564e-06 |
|   25  | 14.940355525872647 | 14.940354071397048 | 1.5535542303414564e-06 |
|   26  | 14.741395569825784 | 14.74139366247715  | 1.5535542303414564e-06 |
|   27  | 14.739638404846191 | 14.739636044624524 | 1.5535542303414564e-06 |
|   28  | 14.672609401605069 | 14.672607494256436 | 1.5535542303414564e-06 |
|   29  | 14.622728057274452 | 14.62272614992582  | 1.5535542303414564e-06 |
|   30  | 14.588778286469289 | 14.58877683199369  | 1.5535542303414564e-06 |
|   31  |  14.6101470996172  | 14.610145192268567 | 1.5535542303414564e-06 |
|   32  | 14.526726149534568 | 14.52672469505897  | 1.5535542303414564e-06 |
|   33  | 14.41429189828726  | 14.414289538065592 | 1.5535542303414564e-06 |
|   34  | 14.523122859857022 | 14.523120952508389 | 1.5535542303414564e-06 |
|   35  | 14.414535272060297 | 14.414532911838629 | 1.5535542303414564e-06 |
|   36  | 14.453569547213041 | 14.453568092737443 | 1.5535542303414564e-06 |
|   37  | 14.516108143146221 | 14.516106736598871 | 1.5535542303414564e-06 |
|   38  | 14.364504634172489 | 14.36450372842642  | 1.5535542303414564e-06 |
|   39  | 14.404287486932217 | 14.404286080384866 | 1.5535542303414564e-06 |
|   40  | 14.297543741861979 | 14.297542335314628 | 1.5535542303414564e-06 |
|   41  | 14.287608919388209 | 14.287607012039576 | 1.5535542303414564e-06 |
|   42  | 14.350180169129983 | 14.350178714654385 | 1.5535542303414564e-06 |
|   43  | 14.484943549327362 | 14.484941641978729 | 1.5535542303414564e-06 |
|   44  | 14.29828412667299  | 14.298282720125638 | 1.5535542303414564e-06 |
|   45  | 14.341216628245819 | 14.341215626643255 | 1.5535542303414564e-06 |
|   46  | 14.242750084705841 | 14.242748177357209 | 1.5535542303414564e-06 |
|   47  | 14.218224053016076 | 14.218222145667443 | 1.5535542303414564e-06 |
|   48  | 14.249259300231934 | 14.249257845756334 | 1.5535542303414564e-06 |
|   49  | 14.384437084687061 | 14.384434724465395 | 1.5535542303414564e-06 |
|   50  | 14.306996394426395 | 14.306994939950796 | 1.5535542303414564e-06 |
|   51  | 14.187775778159118 | 14.187773870810485 | 1.5535542303414564e-06 |
|   52  | 14.228362181247808 | 14.228361680446527 | 1.5535542303414564e-06 |
|   53  | 14.253487532199957 | 14.25348517197829  | 1.5535542303414564e-06 |
|   54  | 14.178724381862542 | 14.17872247451391  | 1.5535542303414564e-06 |
|   55  | 14.196401353493714 | 14.196399899018116 | 1.5535542303414564e-06 |
|   56  | 14.21384983551808  | 14.213848881843763 | 1.5535542303414564e-06 |
|   57  | 14.206511817345252 | 14.206510362869654 | 1.5535542303414564e-06 |
|   58  | 14.144395479055552 | 14.144394024579952 | 1.5535542303414564e-06 |
|   59  | 14.13303523234832  | 14.133033777872722 | 1.5535542303414564e-06 |
|   60  | 14.158837261689015 | 14.158835807213416 | 1.5535542303414564e-06 |
|   61  | 14.188952347193009 | 14.188949986971341 | 1.5535542303414564e-06 |
|   62  | 14.199137773758325 | 14.199136319282728 | 1.5535542303414564e-06 |
|   63  | 14.228469190353003 | 14.228467783805652 | 1.5535542303414564e-06 |
|   64  | 14.101286488068409 | 14.101285033592811 | 1.5535542303414564e-06 |
|   65  | 14.05653249789507  | 14.056530638474685 | 1.5535542303414564e-06 |
|   66  | 14.071753788483448 | 14.07175142826178  | 1.5535542303414564e-06 |
|   67  | 14.173483173663799 | 14.173481719188201 | 1.5535542303414564e-06 |
|   68  | 14.154949171604255 | 14.154947264255622 | 1.5535542303414564e-06 |
|   69  | 14.000720123877892 | 14.000719671004857 | 1.5535542303414564e-06 |
|   70  | 14.183815225454477 | 14.183813770978878 | 1.5535542303414564e-06 |
|   71  | 14.178471474280725 | 14.178470019805125 | 1.5535542303414564e-06 |
|   72  | 14.181449101765951 | 14.181448100163387 | 1.5535542303414564e-06 |
|   73  |  14.1087371190389  | 14.108735664563302 | 1.5535542303414564e-06 |
|   74  | 14.046207618713378 | 14.04620616423778  | 1.5535542303414564e-06 |
|   75  | 14.139507340651292 | 14.13950593410394  | 1.5535542303414564e-06 |
|   76  | 14.14262129465739  | 14.142619888110039 | 1.5535542303414564e-06 |
|   77  | 14.10159177339994  | 14.101590318924341 | 1.5535542303414564e-06 |
|   78  | 14.013788287823017 |  14.0137873341487  | 1.5535542303414564e-06 |
|   79  | 14.151188539358285 | 14.151187132810936 | 1.5535542303414564e-06 |
|   80  | 14.158779475872333 | 14.158778522198016 | 1.5535542303414564e-06 |
|   81  | 14.109086918953137 | 14.109085011604504 | 1.5535542303414564e-06 |
|   82  | 14.074699553465232 | 14.074697193243564 | 1.5535542303414564e-06 |
|   83  | 14.031056891221267 | 14.031055436745667 | 1.5535542303414564e-06 |
|   84  | 14.016139193803836 | 14.016137739328238 | 1.5535542303414564e-06 |
|   85  | 14.144336883349297 | 14.144334976000664 | 1.5535542303414564e-06 |
|   86  | 14.076817556527944 | 14.076816149980594 | 1.5535542303414564e-06 |
|   87  | 14.206924700614733 |  14.2069227932661  | 1.5535542303414564e-06 |
|   88  | 14.079307108169948 | 14.079306106567383 | 1.5535542303414564e-06 |
|   89  | 14.065816770700309 | 14.06581531622471  | 1.5535542303414564e-06 |
|   90  | 14.115408499302008 | 14.11540759355594  | 1.5535542303414564e-06 |
|   91  | 13.983375564966446 | 13.983374110490848 | 1.5535542303414564e-06 |
|   92  | 14.10753923856295  | 14.107538284888633 | 1.5535542303414564e-06 |
|   93  | 13.949351984659831 | 13.949349624438163 | 1.5535542303414564e-06 |
|   94  |  14.0486511132656  | 14.048649205916966 | 1.5535542303414564e-06 |
|   95  | 13.89432558402037  | 13.894323676671737 | 1.5535542303414564e-06 |
|   96  | 14.109231873536721 | 14.109230419061122 | 1.5535542303414564e-06 |
|   97  | 14.16717231065799  | 14.167170403309358 | 1.5535542303414564e-06 |
|   98  | 14.084113524021246 | 14.084111616672613 | 1.5535542303414564e-06 |
|   99  | 13.976916832557091 | 13.976914925208458 | 1.5535542303414564e-06 |
|  100  | 14.075740850399702 | 14.07573894305107  | 1.5535542303414564e-06 |
|  101  | 14.002545747023362 | 14.002543839674729 | 1.5535542303414564e-06 |
|  102  | 13.972128319373498 | 13.972126412024865 | 1.5535542303414564e-06 |
|  103  | 13.980156519963192 | 13.980155065487592 | 1.5535542303414564e-06 |
|  104  | 14.120885375585312 | 14.120883015363644 | 1.5535542303414564e-06 |
|  105  | 13.897576723343287 | 13.897575721740722 | 1.5535542303414564e-06 |
|  106  | 13.97178781460493  | 13.971785454383264 | 1.5535542303414564e-06 |
|  107  | 14.082086100456042 | 14.08208419310741  | 1.5535542303414564e-06 |
|  108  | 14.111292384221004 | 14.111290476872371 | 1.5535542303414564e-06 |
|  109  | 13.971426233144907 | 13.971424325796274 | 1.5535542303414564e-06 |
|  110  | 14.06843544299786  | 14.068433535649227 | 1.5535542303414564e-06 |
|  111  | 14.085032581427159 | 14.085030674078526 | 1.5535542303414564e-06 |
|  112  | 14.154186125535231 | 14.154184671059634 | 1.5535542303414564e-06 |
|  113  | 14.167031209896772 | 14.167029755421174 | 1.5535542303414564e-06 |
|  114  | 14.11156664236998  | 14.111565187894382 | 1.5535542303414564e-06 |
|  115  | 13.984179471333821 | 13.984178064786471 | 1.5535542303414564e-06 |
|  116  | 14.009165437160394 | 14.009163529811762 | 1.5535542303414564e-06 |
|  117  | 13.850996547601161 | 13.850995141053811 | 1.5535542303414564e-06 |
|  118  | 14.125646005288148 | 14.125643645066482 | 1.5535542303414564e-06 |
|  119  | 14.116476058959961 | 14.116474604484363 | 1.5535542303414564e-06 |
|  120  | 13.955295069767878 | 13.955293162419245 | 1.5535542303414564e-06 |
|  121  | 14.05077207222963  | 14.050770164880998 | 1.5535542303414564e-06 |
|  122  | 14.022577983171512 | 14.022576528695913 | 1.5535542303414564e-06 |
|  123  | 13.872465763581104 | 13.872464357033754 | 1.5535542303414564e-06 |
|  124  | 13.995211848723583 | 13.995209488501915 | 1.5535542303414564e-06 |
|  125  | 14.084057104648688 | 14.084055698101338 | 1.5535542303414564e-06 |
|  126  | 13.952251765911395 | 13.952251265110114 | 1.5535542303414564e-06 |
|  127  | 13.97397011096661  | 13.973969109364045 | 1.5535542303414564e-06 |
|  128  | 13.991331527905587 | 13.991330073429989 | 1.5535542303414564e-06 |
|  129  | 14.04495253929725  | 14.044950631948618 | 1.5535542303414564e-06 |
|  130  | 14.046988818828876 | 14.046987364353278 | 1.5535542303414564e-06 |
|  131  | 13.97982017419277  | 13.979818314772386 | 1.5535542303414564e-06 |
|  132  | 13.879673215425932 | 13.879671308077299 | 1.5535542303414564e-06 |
|  133  | 14.040721456087553 | 14.040720049540202 | 1.5535542303414564e-06 |
|  134  | 13.938573624048477 | 13.938572169572879 | 1.5535542303414564e-06 |
|  135  | 13.950579537611741 | 13.950577630263108 | 1.5535542303414564e-06 |
|  136  | 14.103283010629507 | 14.103281103280874 | 1.5535542303414564e-06 |
|  137  | 13.984869573544234 | 13.984867666195601 | 1.5535542303414564e-06 |
|  138  | 14.05579453101525  | 14.05579307653965  | 1.5535542303414564e-06 |
|  139  | 13.877409717853253 | 13.87740781050462  | 1.5535542303414564e-06 |
|  140  | 13.922829391283866 | 13.922827483935233 | 1.5535542303414564e-06 |
|  141  | 14.08636255508814  | 14.086360647739507 | 1.5535542303414564e-06 |
|  142  | 13.983948950156188 | 13.983947042807555 | 1.5535542303414564e-06 |
|  143  | 13.923759767581256 | 13.923759266779973 | 1.5535542303414564e-06 |
|  144  | 13.862375128330328 | 13.862373220981695 | 1.5535542303414564e-06 |
|  145  | 14.004647101377829 | 14.004645194029196 | 1.5535542303414564e-06 |
|  146  | 13.982278660505246 | 13.982276801084861 | 1.5535542303414564e-06 |
|  147  | 13.817856980348244 | 13.817855072999611 | 1.5535542303414564e-06 |
|  148  | 13.986861512599848 | 13.986859653179462 | 1.5535542303414564e-06 |
|  149  | 13.97546647683168  | 13.975465475229116 | 1.5535542303414564e-06 |
|  150  | 13.99190384987073  | 13.991901942522098 | 1.5535542303414564e-06 |
|  151  | 13.901508344014486 | 13.901506436665853 | 1.5535542303414564e-06 |
|  152  | 13.990722443018203 | 13.99072053566957  | 1.5535542303414564e-06 |
|  153  | 13.893568843939365 | 13.89356643578945  | 1.5535542303414564e-06 |
|  154  | 14.033918450184357 | 14.033916542835724 | 1.5535542303414564e-06 |
|  155  | 14.069606726230719 | 14.069605724628156 | 1.5535542303414564e-06 |
|  156  | 13.949248718848596 | 13.949247312301244 | 1.5535542303414564e-06 |
|  157  | 13.994563192709899 |  13.9945617382343  | 1.5535542303414564e-06 |
|  158  | 13.980274375524276 | 13.980272468175643 | 1.5535542303414564e-06 |
|  159  | 14.000626320472131 | 14.00062491392478  | 1.5535542303414564e-06 |
|  160  | 13.95209560100849  | 13.952093693659856 | 1.5535542303414564e-06 |
|  161  | 13.95595551906488  | 13.955953659644493 | 1.5535542303414564e-06 |
|  162  | 13.870771661416079 | 13.870770707741762 | 1.5535542303414564e-06 |
|  163  | 13.97634941590138  | 13.976347508552747 | 1.5535542303414564e-06 |
|  164  | 13.947102037087465 | 13.947100582611867 | 1.5535542303414564e-06 |
|  165  | 13.96478052383814  | 13.96477911729079  | 1.5535542303414564e-06 |
|  166  | 14.000252411671173 | 14.00025050432254  | 1.5535542303414564e-06 |
|  167  | 13.889553292103303 | 13.889551432682918 | 1.5535542303414564e-06 |
|  168  | 13.90675011561467  | 13.906748208266038 | 1.5535542303414564e-06 |
|  169  | 13.91012116065392  | 13.910119301233536 | 1.5535542303414564e-06 |
|  170  | 14.076986585763784 | 14.076985131288186 | 1.5535542303414564e-06 |
|  171  | 13.917262622148563 | 13.91726071479993  | 1.5535542303414564e-06 |
|  172  | 13.969968370290903 | 13.969967416616587 | 1.5535542303414564e-06 |
|  173  | 13.93967526558118  | 13.939673310304299 | 1.5535542303414564e-06 |
|  174  | 13.97618651952499  | 13.97618506504939  | 1.5535542303414564e-06 |
|  175  | 14.05706229087634  | 14.057059930654672 | 1.5535542303414564e-06 |
|  176  | 13.871560855767665 | 13.871558948419032 | 1.5535542303414564e-06 |
|  177  | 13.911159201401931 | 13.911157294053298 | 1.5535542303414564e-06 |
|  178  | 13.894088380275628 | 13.89408692580003  | 1.5535542303414564e-06 |
|  179  | 13.866144044338128 | 13.866142637790778 | 1.5535542303414564e-06 |
|  180  | 14.084992180848733 |  14.0849902735001  | 1.5535542303414564e-06 |
|  181  | 13.988102919749725 | 13.988102418948442 | 1.5535542303414564e-06 |
|  182  | 13.955221272982083 | 13.955219818506485 | 1.5535542303414564e-06 |
|  183  | 13.907582950102977 | 13.907581042754344 | 1.5535542303414564e-06 |
|  184  | 13.976501881526067 |  13.9764995213044  | 1.5535542303414564e-06 |
|  185  | 14.007445794129984 | 14.00744388678135  | 1.5535542303414564e-06 |
|  186  | 13.872058131878193 | 13.872057178203876 | 1.5535542303414564e-06 |
|  187  | 13.891071591499525 | 13.891069684150892 | 1.5535542303414564e-06 |
|  188  | 14.001500251965645 | 14.001498344617012 | 1.5535542303414564e-06 |
|  189  | 13.949972604604868 | 13.949970697256235 | 1.5535542303414564e-06 |
|  190  | 14.052944020980444 | 14.052942566504845 | 1.5535542303414564e-06 |
|  191  | 13.925518853603265 | 13.925516493381599 | 1.5535542303414564e-06 |
|  192  | 13.90675132653652  | 13.906748966314854 | 1.5535542303414564e-06 |
|  193  | 13.988902372702574 | 13.988900465353941 | 1.5535542303414564e-06 |
|  194  | 13.845897314609626 | 13.845895908062275 | 1.5535542303414564e-06 |
|  195  | 13.993977679717235 | 13.993976726042918 | 1.5535542303414564e-06 |
|  196  | 13.899436399019681 |  13.8994358982184  | 1.5535542303414564e-06 |
|  197  | 13.902524895301232 | 13.902523440825634 | 1.5535542303414564e-06 |
|  198  | 13.941805365146735 | 13.941803004925067 | 1.5535542303414564e-06 |
|  199  | 14.002730517265125 | 14.002729062789525 | 1.5535542303414564e-06 |
|  200  | 13.86175416799692  | 13.861752260648288 | 1.5535542303414564e-06 |
|  201  | 14.047490682357397 | 14.047488775008764 | 1.5535542303414564e-06 |
|  202  | 13.933143360431378 | 13.933141905955779 | 1.5535542303414564e-06 |
|  203  | 14.021352339524489 | 14.021350885048891 | 1.5535542303414564e-06 |
|  204  | 13.927537010388496 | 13.927535555912899 | 1.5535542303414564e-06 |
|  205  | 13.814653423994015 | 13.814652065374913 | 1.5535542303414564e-06 |
|  206  | 13.944166651994754 | 13.944165197519157 | 1.5535542303414564e-06 |
|  207  | 13.833223335070487 | 13.83322188059489  | 1.5535542303414564e-06 |
|  208  | 13.965037351754995 | 13.965035444406363 | 1.5535542303414564e-06 |
|  209  | 13.979722495445838 | 13.979721541771521 | 1.5535542303414564e-06 |
|  210  | 13.977394840533917 | 13.97739248031225  | 1.5535542303414564e-06 |
|  211  | 13.823106107467261 | 13.823104652991661 | 1.5535542303414564e-06 |
|  212  | 14.038874814938277 | 14.038874314136994 | 1.5535542303414564e-06 |
|  213  | 13.905418361761631 | 13.905416454412999 | 1.5535542303414564e-06 |
|  214  | 14.021674822293795 | 14.021673415746445 | 1.5535542303414564e-06 |
|  215  | 13.843644458086063 | 13.84364255073743  | 1.5535542303414564e-06 |
|  216  | 13.879246039757362 | 13.87924463321001  | 1.5535542303414564e-06 |
|  217  | 14.051389357738007 | 14.051387903262407 | 1.5535542303414564e-06 |
|  218  | 13.96995737515963  | 13.969955920684033 | 1.5535542303414564e-06 |
|  219  | 13.836257329109387 | 13.836255874633789 | 1.5535542303414564e-06 |
|  220  | 14.103724787785456 | 14.103722880436823 | 1.5535542303414564e-06 |
|  221  | 14.045976404043344 | 14.045975903242063 | 1.5535542303414564e-06 |
|  222  | 13.839370725582807 | 13.839368818234174 | 1.5535542303414564e-06 |
|  223  | 13.934856420663687 | 13.93485496618809  | 1.5535542303414564e-06 |
|  224  | 13.905113404102815 | 13.905111496754182 | 1.5535542303414564e-06 |
|  225  | 13.923783916571201 | 13.923782009222569 | 1.5535542303414564e-06 |
|  226  | 13.968411152179424 | 13.968408243228227 | 1.5535542303414564e-06 |
|  227  | 13.835697445991713 | 13.835696039444361 | 1.5535542303414564e-06 |
|  228  | 13.90017160757994  | 13.900169700231308 | 1.5535542303414564e-06 |
|  229  | 13.867313314584585 | 13.867311407235952 | 1.5535542303414564e-06 |
|  230  | 14.01408253694192  | 14.014080176720253 | 1.5535542303414564e-06 |
|  231  | 13.958111461737216 | 13.958110007261618 | 1.5535542303414564e-06 |
|  232  | 13.974678746736966 | 13.974677340189617 | 1.5535542303414564e-06 |
|  233  | 13.981876188424918 | 13.981874281076285 | 1.5535542303414564e-06 |
|  234  | 13.878797937050845 | 13.878796482575245 | 1.5535542303414564e-06 |
|  235  | 13.950828449542707 | 13.950827948741424 | 1.5535542303414564e-06 |
|  236  | 13.985411538344163 | 13.98540963099553  | 1.5535542303414564e-06 |
|  237  | 13.953538574805627 | 13.953536667456994 | 1.5535542303414564e-06 |
|  238  | 13.887536783462915 | 13.887534876114282 | 1.5535542303414564e-06 |
|  239  | 13.91804491581061  | 13.91804491581061  | 1.5535542303414564e-06 |
|  240  | 13.892810095762595 | 13.892808188413962 | 1.5535542303414564e-06 |
|  241  | 13.894597799839117 | 13.894595892490484 | 1.5535542303414564e-06 |
|  242  | 13.925149491138948 | 13.925147583790315 | 1.5535542303414564e-06 |
|  243  | 13.917505658467611 | 13.917504203992012 | 1.5535542303414564e-06 |
|  244  | 13.934494647490673 | 13.93449414668939  | 1.5535542303414564e-06 |
|  245  | 13.848120282491049 | 13.848119829618014 | 1.5535542303414564e-06 |
|  246  | 13.984115296388284 | 13.984113889840932 | 1.5535542303414564e-06 |
|  247  | 13.924830013177333 |  13.9248281058287  | 1.5535542303414564e-06 |
|  248  | 13.964130805577987 | 13.964129399030636 | 1.5535542303414564e-06 |
|  249  | 13.877732053903433 | 13.877730599427835 | 1.5535542303414564e-06 |
|  250  | 13.987580967438527 | 13.987579965835963 | 1.5535542303414564e-06 |
|  251  | 13.926017394432655 | 13.926015487084022 | 1.5535542303414564e-06 |
|  252  | 13.931481227385692 | 13.931480225783128 | 1.5535542303414564e-06 |
|  253  | 13.980737131558932 | 13.980735677083333 | 1.5535542303414564e-06 |
|  254  | 13.871690337352264 | 13.871688882876665 | 1.5535542303414564e-06 |
|  255  | 13.969888615730481 | 13.969887161254883 | 1.5535542303414564e-06 |
|  256  | 13.906606744619516 | 13.906605290143919 | 1.5535542303414564e-06 |
|  257  | 13.847616932208721 | 13.847615024860088 | 1.5535542303414564e-06 |
|  258  | 13.976683082580566 | 13.976681175231933 | 1.5535542303414564e-06 |
|  259  | 13.846174517900517 | 13.846173063424917 | 1.5535542303414564e-06 |
|  260  | 13.937382231492263 | 13.937380777016664 | 1.5535542303414564e-06 |
|  261  | 13.928279021825546 | 13.928277615278196 | 1.5535542303414564e-06 |
|  262  | 13.934774489769568 | 13.934773536095252 | 1.5535542303414564e-06 |
|  263  | 13.847839082571177 | 13.84783722315079  | 1.5535542303414564e-06 |
|  264  | 13.758905758979992 | 13.758903398758326 | 1.5535542303414564e-06 |
|  265  | 13.93504991384653  | 13.935049413045247 | 1.5535542303414564e-06 |
|  266  | 13.938337978460849 | 13.938336071112216 | 1.5535542303414564e-06 |
|  267  | 13.935354234744342 | 13.93535282819699  | 1.5535542303414564e-06 |
|  268  | 13.940153080866887 | 13.940151173518254 | 1.5535542303414564e-06 |
|  269  | 13.966740285433255 | 13.966738830957658 | 1.5535542303414564e-06 |
|  270  | 13.93902469928448  | 13.939022791935848 | 1.5535542303414564e-06 |
|  271  | 13.969070817018167 | 13.969068909669534 | 1.5535542303414564e-06 |
|  272  | 13.891901959150266 | 13.891900051801633 | 1.5535542303414564e-06 |
|  273  | 13.951999050042568 | 13.951997142693935 | 1.5535542303414564e-06 |
|  274  | 13.981044077750964 | 13.98104217040233  | 1.5535542303414564e-06 |
|  275  | 13.899546025594075 | 13.899544118245442 | 1.5535542303414564e-06 |
|  276  | 13.930750581790239 | 13.930748674441606 | 1.5535542303414564e-06 |
|  277  | 13.923826658786872 | 13.92382475143824  | 1.5535542303414564e-06 |
|  278  | 13.920685750521146 | 13.920684343973795 | 1.5535542303414564e-06 |
|  279  |  13.9523004199297  | 13.952298512581066 | 1.5535542303414564e-06 |
|  280  | 14.07202507801545  | 14.072023170666817 | 1.5535542303414564e-06 |
|  281  | 14.13237512833033  | 14.132373220981696 | 1.5535542303414564e-06 |
|  282  | 13.98146144182254  | 13.981459987346943 | 1.5535542303414564e-06 |
|  283  | 13.788596554291553 | 13.788596053490272 | 1.5535542303414564e-06 |
|  284  | 13.876720908727401 | 13.876719454251804 | 1.5535542303414564e-06 |
|  285  | 13.93845266977946  | 13.938450762430827 | 1.5535542303414564e-06 |
|  286  | 13.90785950978597  | 13.907857602437337 | 1.5535542303414564e-06 |
|  287  | 13.843299311124362 | 13.843296950902694 | 1.5535542303414564e-06 |
|  288  |  13.8905882419684  | 13.890586334619767 | 1.5535542303414564e-06 |
|  289  | 13.823378534561549 | 13.823377128014197 | 1.5535542303414564e-06 |
|  290  | 13.828218766236917 | 13.828216858888284 | 1.5535542303414564e-06 |
|  291  | 14.148020501748109 | 14.148018594399476 | 1.5535542303414564e-06 |
|  292  | 13.897037293849847 | 13.89703493362818  | 1.5535542303414564e-06 |
|  293  | 13.915892212696564 | 13.915890305347931 | 1.5535542303414564e-06 |
|  294  | 13.960352337176984 | 13.960350882701384 | 1.5535542303414564e-06 |
|  295  | 13.998965883499537 | 13.998963976150904 | 1.5535542303414564e-06 |
|  296  | 13.965744733565893 | 13.96574423276461  | 1.5535542303414564e-06 |
|  297  | 13.84619050832895  | 13.846188600980318 | 1.5535542303414564e-06 |
|  298  | 13.953713385753142 | 13.953711931277544 | 1.5535542303414564e-06 |
|  299  | 13.818991393064842 | 13.818990034445738 | 1.5535542303414564e-06 |
|  300  | 13.975784742893318 | 13.975784290020282 | 1.5535542303414564e-06 |
|  301  | 13.844687534234463 | 13.844685174012795 | 1.5535542303414564e-06 |
|  302  | 13.82206020942101  | 13.822058802873661 | 1.5535542303414564e-06 |
|  303  | 13.86339074941782  | 13.863388842069186 | 1.5535542303414564e-06 |
|  304  | 13.951514694018242 | 13.951512786669609 | 1.5535542303414564e-06 |
|  305  | 14.031053517659505 | 14.031052063183907 | 1.5535542303414564e-06 |
|  306  | 13.912652957622822 | 13.912651050274189 | 1.5535542303414564e-06 |
|  307  | 13.96984562702668  | 13.969843719678048 | 1.5535542303414564e-06 |
|  308  | 13.880793567559659 | 13.880792161012307 | 1.5535542303414564e-06 |
|  309  | 13.939406459514911 | 13.939405505840595 | 1.5535542303414564e-06 |
|  310  | 13.948357586982922 | 13.94835567963429  | 1.5535542303414564e-06 |
|  311  | 13.988650786571014 | 13.988649332095415 | 1.5535542303414564e-06 |
|  312  | 13.82123559511625  | 13.82123468937018  | 1.5535542303414564e-06 |
|  313  | 13.85307517222869  | 13.853073717753093 | 1.5535542303414564e-06 |
|  314  | 13.898977251297389 | 13.898975796821789 | 1.5535542303414564e-06 |
|  315  | 13.829350744394155 | 13.829348837045522 | 1.5535542303414564e-06 |
|  316  |  13.9224088766636  | 13.922406516441932 | 1.5535542303414564e-06 |
|  317  | 13.794307787968561 | 13.794306786365999 | 1.5535542303414564e-06 |
|  318  | 13.883974007826586 | 13.883972100477953 | 1.5535542303414564e-06 |
|  319  | 13.84670243972387  | 13.846700532375237 | 1.5535542303414564e-06 |
|  320  | 13.962576148204315 | 13.96257514660175  | 1.5535542303414564e-06 |
|  321  | 14.025675951639812 | 14.02567404429118  | 1.5535542303414564e-06 |
|  322  | 14.043420950082632 | 14.043418589860964 | 1.5535542303414564e-06 |
|  323  | 13.978001311864608 | 13.977999404515975 | 1.5535542303414564e-06 |
|  324  | 13.931780338776417 | 13.931778884300819 | 1.5535542303414564e-06 |
|  325  | 13.928205049954927 | 13.92820359547933  | 1.5535542303414564e-06 |
|  326  | 14.021983428368202 | 14.021981973892602 | 1.5535542303414564e-06 |
|  327  | 13.903852164439666 | 13.903850757892315 | 1.5535542303414564e-06 |
|  328  | 14.01069223844088  | 14.010689830290966 | 1.5535542303414564e-06 |
|  329  | 13.808168737949469 | 13.808167283473871 | 1.5535542303414564e-06 |
|  330  | 13.88501096089681  | 13.885009506421211 | 1.5535542303414564e-06 |
|  331  | 13.950365876417894 | 13.950364421942295 | 1.5535542303414564e-06 |
|  332  | 13.95856041345841  | 13.958558506109776 | 1.5535542303414564e-06 |
|  333  | 14.022371299939278 | 14.022369440518892 | 1.5535542303414564e-06 |
|  334  | 13.964555198473809 | 13.964554244799492 | 1.5535542303414564e-06 |
|  335  | 14.012333622467823 | 14.012332167992225 | 1.5535542303414564e-06 |
|  336  | 13.896846239138872 | 13.89684433179024  | 1.5535542303414564e-06 |
|  337  | 13.873771970699995 | 13.873771017025678 | 1.5535542303414564e-06 |
|  338  | 13.953448050083258 | 13.95344568986159  | 1.5535542303414564e-06 |
|  339  | 13.903357845208584 | 13.903356390732986 | 1.5535542303414564e-06 |
|  340  | 13.851727092449481 | 13.851726639576448 | 1.5535542303414564e-06 |
|  341  | 13.907954612145057 | 13.907953157669459 | 1.5535542303414564e-06 |
|  342  | 13.975663961752867 | 13.975662507277269 | 1.5535542303414564e-06 |
|  343  | 14.040603233728653 | 14.04060132638002  | 1.5535542303414564e-06 |
|  344  | 13.79998072306315  | 13.799978815714518 | 1.5535542303414564e-06 |
|  345  | 13.789058541517992 | 13.789056682097605 | 1.5535542303414564e-06 |
|  346  | 13.820123167771559 | 13.820122214097243 | 1.5535542303414564e-06 |
|  347  | 13.895955139551408 | 13.895953685075808 | 1.5535542303414564e-06 |
|  348  | 13.892567439935146 | 13.892565532586513 | 1.5535542303414564e-06 |
|  349  | 13.836048551706167 | 13.83604709723057  | 1.5535542303414564e-06 |
|  350  | 13.794719094496507 | 13.794717187147874 | 1.5535542303414564e-06 |
|  351  | 13.91476094563802  | 13.914759491162423 | 1.5535542303414564e-06 |
|  352  | 13.925582933670436 | 13.925580573448768 | 1.5535542303414564e-06 |
|  353  | 13.943653733669183 | 13.943652279193584 | 1.5535542303414564e-06 |
|  354  | 13.932883400550255 | 13.932881946074657 | 1.5535542303414564e-06 |
|  355  | 13.882331561553173 | 13.88232965420454  | 1.5535542303414564e-06 |
|  356  | 13.943021620725974 | 13.943020166250376 | 1.5535542303414564e-06 |
|  357  | 13.95109308780768  | 13.951091180459047 | 1.5535542303414564e-06 |
|  358  | 13.978239512321277 | 13.978237604972644 | 1.5535542303414564e-06 |
|  359  | 13.927229209313026 | 13.927227301964393 | 1.5535542303414564e-06 |
|  360  | 13.891771874060998 | 13.891771373259715 | 1.5535542303414564e-06 |
|  361  | 13.928491833026593 | 13.92848992567796  | 1.5535542303414564e-06 |
|  362  | 13.942727761879945 | 13.942726355332594 | 1.5535542303414564e-06 |
|  363  | 13.84862060938126  | 13.848618702032628 | 1.5535542303414564e-06 |
|  364  | 13.730077159588154 | 13.730074799366486 | 1.5535542303414564e-06 |
|  365  | 13.94215618916047  | 13.942154782613118 | 1.5535542303414564e-06 |
|  366  | 13.873427227704953 | 13.87342532035632  | 1.5535542303414564e-06 |
|  367  | 13.849101729759804 | 13.84910072815724  | 1.5535542303414564e-06 |
|  368  | 13.752610036409818 | 13.752609082735502 | 1.5535542303414564e-06 |
|  369  | 14.015857867705517 | 14.015856413229917 | 1.5535542303414564e-06 |
|  370  | 13.884820891160231 | 13.884819436684634 | 1.5535542303414564e-06 |
|  371  | 13.871427030318822 | 13.871425122970189 | 1.5535542303414564e-06 |
|  372  | 13.944884557479467 | 13.944883150932116 | 1.5535542303414564e-06 |
|  373  | 13.961813105069673 | 13.96181119772104  | 1.5535542303414564e-06 |
|  374  | 13.972100098438752 | 13.972098191090119 | 1.5535542303414564e-06 |
|  375  | 13.845055602636092 | 13.845053743215708 | 1.5535542303414564e-06 |
|  376  | 13.79113970145201  | 13.791137794103378 | 1.5535542303414564e-06 |
|  377  | 13.850751303648337 | 13.850749396299705 | 1.5535542303414564e-06 |
|  378  | 13.871875402010405 | 13.87187494913737  | 1.5535542303414564e-06 |
|  379  | 13.856658323239058 | 13.856657321636494 | 1.5535542303414564e-06 |
|  380  | 13.827606925964355 | 13.827605018615722 | 1.5535542303414564e-06 |
|  381  | 13.905461268302721 | 13.905458908081055 | 1.5535542303414564e-06 |
|  382  | 13.958412243769718 | 13.95841078929412  | 1.5535542303414564e-06 |
|  383  | 13.926424087133164 | 13.926422632657564 | 1.5535542303414564e-06 |
|  384  | 13.744271989480042 | 13.744270535004445 | 1.5535542303414564e-06 |
|  385  | 13.971204831049992 | 13.971203376574394 | 1.5535542303414564e-06 |
|  386  | 13.982360746921637 | 13.982358887501253 | 1.5535542303414564e-06 |
|  387  | 13.885455622550769 | 13.88545416807517  | 1.5535542303414564e-06 |
|  388  | 13.891414049588716 |  13.8914130959144  | 1.5535542303414564e-06 |
|  389  | 13.85195583734757  | 13.851954430800218 | 1.5535542303414564e-06 |
|  390  |  13.8558019334842  | 13.855800526936848 | 1.5535542303414564e-06 |
|  391  | 13.884359741210938 | 13.884357833862305 | 1.5535542303414564e-06 |
|  392  | 13.850804912860577 | 13.850803506313227 | 1.5535542303414564e-06 |
|  393  | 13.861219611534706 | 13.861218204987354 | 1.5535542303414564e-06 |
|  394  | 13.947809118613218 | 13.94780766413762  | 1.5535542303414564e-06 |
|  395  | 13.824047230451535 | 13.824046324705467 | 1.5535542303414564e-06 |
|  396  | 13.942876887199207 | 13.942874979850574 | 1.5535542303414564e-06 |
|  397  | 13.954829188615848 | 13.954827734140249 | 1.5535542303414564e-06 |
|  398  | 13.839760230626815 | 13.839758323278183 | 1.5535542303414564e-06 |
|  399  | 13.947575961381961 | 13.947574054033328 | 1.5535542303414564e-06 |
|  400  | 13.845382873339531 | 13.845380965990898 | 1.5535542303414564e-06 |
|  401  | 13.72958894582895  | 13.729587992154634 | 1.5535542303414564e-06 |
|  402  | 13.879181881439992 | 13.87917997409136  | 1.5535542303414564e-06 |
|  403  | 13.902067097394895 | 13.902065642919295 | 1.5535542303414564e-06 |
|  404  | 13.777943760798527 | 13.777941853449894 | 1.5535542303414564e-06 |
|  405  | 13.747928564609625 | 13.747926657260992 | 1.5535542303414564e-06 |
|  406  | 13.987940569168481 | 13.987938661819848 | 1.5535542303414564e-06 |
|  407  | 13.810905854640863 | 13.810904400165265 | 1.5535542303414564e-06 |
|  408  |  13.9202582129454  | 13.920256305596768 | 1.5535542303414564e-06 |
|  409  | 13.908815723321377 | 13.908814268845779 | 1.5535542303414564e-06 |
|  410  | 13.94240482819386  | 13.942402467972194 | 1.5535542303414564e-06 |
|  411  |  13.8413171288906  | 13.841314768668934 | 1.5535542303414564e-06 |
|  412  | 13.814015079400479 | 13.814013172051846 | 1.5535542303414564e-06 |
|  413  | 13.928880322774251 | 13.928879369099935 | 1.5535542303414564e-06 |
|  414  | 13.741498375917093 | 13.741496015695425 | 1.5535542303414564e-06 |
|  415  | 13.872822981614332 | 13.872820621392666 | 1.5535542303414564e-06 |
|  416  | 13.877827554360413 | 13.877825194138747 | 1.5535542303414564e-06 |
|  417  | 13.719749431121043 | 13.71974752377241  | 1.5535542303414564e-06 |
|  418  | 13.813903746971718 | 13.813902292496119 | 1.5535542303414564e-06 |
|  419  | 13.844883828774476 | 13.844881969354091 | 1.5535542303414564e-06 |
|  420  | 13.774781144949106 | 13.774779690473508 | 1.5535542303414564e-06 |
|  421  | 13.87856585575984  | 13.87856444921249  | 1.5535542303414564e-06 |
|  422  |  13.8183670992729  | 13.818365692725548 | 1.5535542303414564e-06 |
|  423  | 13.741954918885842 | 13.741953011537209 | 1.5535542303414564e-06 |
|  424  | 14.014746303069286 | 14.01474534939497  | 1.5535542303414564e-06 |
|  425  | 13.865319885840783 | 13.86531797849215  | 1.5535542303414564e-06 |
|  426  | 13.734506982656626 | 13.734505075307993 | 1.5535542303414564e-06 |
|  427  | 13.766250446026142 | 13.766248538677509 | 1.5535542303414564e-06 |
|  428  | 13.815062902401655 | 13.815060995053022 | 1.5535542303414564e-06 |
|  429  | 13.807902252979767 | 13.807900345631134 | 1.5535542303414564e-06 |
|  430  | 13.799872196882198 |  13.7998707424066  | 1.5535542303414564e-06 |
|  431  | 13.80667436550825  | 13.806672911032653 | 1.5535542303414564e-06 |
|  432  | 13.823936261886205 | 13.823933901664539 | 1.5535542303414564e-06 |
|  433  | 13.78007583226913  | 13.780074878594814 | 1.5535542303414564e-06 |
|  434  | 13.748097161513108 | 13.748096660711827 | 1.5535542303414564e-06 |
|  435  | 13.861546770731609 | 13.861545364184257 | 1.5535542303414564e-06 |
|  436  | 13.94657700758714  | 13.946575553111542 | 1.5535542303414564e-06 |
|  437  | 13.848220063233986 | 13.848218608758389 | 1.5535542303414564e-06 |
|  438  | 13.730011065556452 | 13.730009206136067 | 1.5535542303414564e-06 |
|  439  | 13.780628894903721 | 13.780627440428123 | 1.5535542303414564e-06 |
|  440  | 13.807750424116085 | 13.807748516767452 | 1.5535542303414564e-06 |
|  441  | 13.714092755439953 | 13.71409084809132  | 1.5535542303414564e-06 |
|  442  | 13.737110741444123 | 13.737109334896772 | 1.5535542303414564e-06 |
|  443  | 13.691489881857848 | 13.691488928183531 | 1.5535542303414564e-06 |
|  444  | 13.690966583643204 | 13.690964223421537 | 1.5535542303414564e-06 |
|  445  | 13.714755250979692 | 13.714753796504095 | 1.5535542303414564e-06 |
|  446  | 13.812622312888122 | 13.812620405539489 | 1.5535542303414564e-06 |
|  447  | 13.740673489692883 | 13.740672035217285 | 1.5535542303414564e-06 |
|  448  | 13.856226859459511 | 13.856225953713441 | 1.5535542303414564e-06 |
|  449  | 13.751747754414877 | 13.75174539419321  | 1.5535542303414564e-06 |
|  450  | 13.645937102880234 | 13.64593610127767  | 1.5535542303414564e-06 |
|  451  | 13.636088506258451 |  13.6360870997111  | 1.5535542303414564e-06 |
|  452  | 13.755417365049704 | 13.755415457701071 | 1.5535542303414564e-06 |
|  453  | 13.756802889506021 | 13.756800529284355 | 1.5535542303414564e-06 |
|  454  | 13.755412990863507 | 13.755411083514874 | 1.5535542303414564e-06 |
|  455  | 13.70400385147486  | 13.704002849872296 | 1.5535542303414564e-06 |
|  456  | 13.772652750259791 | 13.772650890839406 | 1.5535542303414564e-06 |
|  457  | 13.717740608606583 | 13.71773870125795  | 1.5535542303414564e-06 |
|  458  | 13.819426352672087 | 13.81942489819649  | 1.5535542303414564e-06 |
|  459  | 13.721872180058407 | 13.721870272709774 | 1.5535542303414564e-06 |
|  460  | 13.840214537596092 | 13.840213583921775 | 1.5535542303414564e-06 |
|  461  | 13.775910575084197 | 13.77590962140988  | 1.5535542303414564e-06 |
|  462  | 13.769458815745818 | 13.769456908397185 | 1.5535542303414564e-06 |
|  463  | 13.664210482866336 | 13.664208575517703 | 1.5535542303414564e-06 |
|  464  | 13.72789537087465  | 13.727893463526017 | 1.5535542303414564e-06 |
|  465  | 13.660663597889435 | 13.66066123766777  | 1.5535542303414564e-06 |
|  466  | 13.724612393501477 | 13.72461003327981  | 1.5535542303414564e-06 |
|  467  | 13.775158437093099 | 13.775157936291818 | 1.5535542303414564e-06 |
|  468  | 13.686147712316268 | 13.686146305768919 | 1.5535542303414564e-06 |
|  469  | 13.573839038946689 | 13.573838085272373 | 1.5535542303414564e-06 |
|  470  | 13.657666954627404 | 13.65766504727877  | 1.5535542303414564e-06 |
|  471  | 13.623189815619053 | 13.623188409071702 | 1.5535542303414564e-06 |
|  472  | 13.67575575021597  | 13.675753389994304 | 1.5535542303414564e-06 |
|  473  |  13.6957404982738  | 13.695739544599483 | 1.5535542303414564e-06 |
|  474  | 13.60380312699538  | 13.603800766773713 | 1.5535542303414564e-06 |
|  475  | 13.661165247208032 | 13.661163792732435 | 1.5535542303414564e-06 |
|  476  | 13.502626437651806 | 13.502624983176206 | 1.5535542303414564e-06 |
|  477  | 13.688468375572791 | 13.688466969025441 | 1.5535542303414564e-06 |
|  478  |  13.6633857130393  | 13.663384306491949 | 1.5535542303414564e-06 |
|  479  | 13.674959208170574 | 13.674957753694974 | 1.5535542303414564e-06 |
|  480  |  13.6804296483749  | 13.680427788954514 | 1.5535542303414564e-06 |
|  481  | 13.571268537472456 | 13.571266678052071 | 1.5535542303414564e-06 |
|  482  | 13.657741314814642 | 13.657739860339042 | 1.5535542303414564e-06 |
|  483  | 13.599774748973358 | 13.599772841624725 | 1.5535542303414564e-06 |
|  484  | 13.751675820961976 | 13.75167486728766  | 1.5535542303414564e-06 |
|  485  | 13.665538913042118 | 13.66553655282045  | 1.5535542303414564e-06 |
|  486  | 13.67865674825815  | 13.678655794583834 | 1.5535542303414564e-06 |
|  487  | 13.62332413697854  | 13.623322682502943 | 1.5535542303414564e-06 |
|  488  | 13.558348573537973 | 13.55834666618934  | 1.5535542303414564e-06 |
|  489  |  13.5116287788978  | 13.511626871549167 | 1.5535542303414564e-06 |
|  490  | 13.635893222124148 | 13.635892268449831 | 1.5535542303414564e-06 |
|  491  | 13.604688465411847 | 13.604687106792744 | 1.5535542303414564e-06 |
|  492  | 13.527777741261017 | 13.52777628678542  | 1.5535542303414564e-06 |
|  493  | 13.542943247281588 | 13.542941339932955 | 1.5535542303414564e-06 |
|  494  | 13.583958274645683 | 13.58395636729705  | 1.5535542303414564e-06 |
|  495  | 13.456425603230795 | 13.456423695882162 | 1.5535542303414564e-06 |
|  496  | 13.55607965029203  | 13.556077742943398 | 1.5535542303414564e-06 |
|  497  | 13.565991620772925 | 13.565989260551257 | 1.5535542303414564e-06 |
|  498  | 13.45922505109738  | 13.459223596621783 | 1.5535542303414564e-06 |
|  499  | 13.599861711355356 | 13.599860709752791 | 1.5535542303414564e-06 |
|  500  |  13.3906420702812  | 13.390639710059533 | 1.5535542303414564e-06 |
+-------+--------------------+--------------------+------------------------+