+-------+--------------------+--------------------+--------------------+
| Epoch |     total_loss     |      dt_loss       |     type_loss      |
+-------+--------------------+--------------------+--------------------+
|   1   | 97.66837627234825  | 17.265004608741172 | 80.40337110314002  |
|   2   | 95.21232361778846  | 15.823807286189153 |  79.3885168363131  |
|   3   |  93.2141975003756  | 15.181169877859263 | 78.03302581317608  |
|   4   | 91.05131940636268  | 14.40206459397536  | 76.64925346022386  |
|   5   | 88.43582572584886  | 13.831265250572791 |  74.6045594153771  |
|   6   | 87.33089958777795  | 13.31987419950045  | 74.01102567232572  |
|   7   | 82.92221524282603  | 12.477245645376351 |  70.4449688673753  |
|   8   | 80.35742055570162  | 11.602444939246544 | 68.75497383469802  |
|   9   | 78.00322600848858  | 11.265519804734451 | 66.73770653357873  |
|   10  | 76.04841414701022  | 11.100434829711913 | 64.94797878324069  |
|   11  | 74.86545946796124  | 10.957123645489032 | 63.90833694927509  |
|   12  | 73.14784669846755  | 10.846286657480093 |  62.301558788593   |
|   13  | 72.54864485520584  | 10.710135550278883 | 61.83850922804612  |
|   14  | 71.72429185603215  | 10.673197719280536 | 61.05109447303185  |
|   15  | 70.78130566875751  | 10.506900993934044 | 60.274404942439155 |
|   16  | 69.93120988581731  | 10.363791708726149 | 59.56741698983999  |
|   17  | 70.26369396033654  | 10.233251749478853 | 60.03044218327449  |
|   18  | 69.77648114952675  | 10.082202047494741 | 59.69427985323392  |
|   19  | 69.47953136268029  | 9.904451227041392  | 59.57508002647987  |
|   20  | 69.08959375469502  |  9.76732014465332  | 59.32227348914513  |
|   21  | 68.98400435697116  |  9.59699158829909  | 59.38701275400015  |
|   22  | 68.65510052490234  | 9.529654695364146  | 59.125446786733775 |
|   23  | 68.41771097036508  | 9.481828192490799  | 58.93588382662259  |
|   24  | 68.00715669602614  | 9.385418542128344  | 58.62173601121169  |
|   25  | 67.86176088773287  |  9.33690110191932  | 58.52485965670072  |
|   26  | 68.33884536038913  | 9.281762781583346  | 59.05708231764574  |
|   27  | 68.13160503680889  |  9.20442495903602  | 58.92718089411809  |
|   28  | 68.05418196458083  | 9.117067766042856  | 58.937113607553336 |
|   29  |  67.6626552311824  | 9.095189840463492  |  58.5674640221229  |
|   30  | 67.92273083026592  | 9.045982756394606  |  58.8767480069674  |
|   31  |  67.5190546076848  | 9.034225633474497  | 58.484829294057995 |
|   32  | 67.53519826566256  | 8.983696235656739  | 58.551501652644234 |
|   33  | 67.91357544414814  | 8.906964205815243  | 59.00661057222806  |
|   34  | 67.51840832989032  |  8.90724159534161  |  58.6111667574369  |
|   35  | 67.51470585280198  |  8.91196802872878  | 58.60273811457707  |
|   36  | 67.56724165696365  |  8.90982202383188  | 58.65741909085787  |
|   37  | 68.19492919921875  | 8.852621839083158  | 59.342307088998645 |
|   38  | 67.48574137526292  |  8.87430242391733  | 58.61143955876277  |
|   39  | 67.56129283728967  | 8.882764237037073  | 58.67852890249399  |
|   40  | 67.99526275634766  | 8.875136746920072  | 59.120125178410454 |
|   41  | 67.07542694561297  |  8.90512373645489  | 58.17030422973633  |
|   42  | 67.49859170766977  | 8.869431745089017  | 58.629158639761116 |
|   43  | 67.07106506347657  | 8.885861593980055  | 58.18520343017578  |
|   44  | 68.12485629976713  |  8.82965975834773  | 59.29519707547701  |
|   45  | 67.30732477510892  | 8.813039432232197  | 58.494285125732425 |
|   46  |  67.4125817589393  | 8.821362173227163  | 58.59121902700571  |
|   47  | 67.53719819054237  | 8.832368542010968  | 58.704829594538765 |
|   48  | 67.26366927865836  | 8.772079548175519  | 58.491589954082784 |
|   49  | 67.29175179818961  |  8.73590057020921  | 58.555851820725664 |
|   50  | 67.33175418795072  |  8.65323557809683  | 58.67851848895733  |
|   51  | 66.86814790696364  | 8.591093028141902  | 58.27705378136268  |
|   52  | 66.88194978684645  | 8.509511765113244  | 58.37243697650616  |
|   53  | 67.36629308143029  |  8.42121318230262  | 58.94508046076848  |
|   54  | 66.91388591590294  | 8.331392664982722  |  58.5824925372784  |
|   55  |  67.2008523841271  | 8.241468170752892  | 58.959384775015025 |
|   56  | 66.55796951059195  | 8.161482268700233  | 58.39648750892052  |
|   57  | 66.85517275766226  |  8.03325698353694  | 58.82191476909931  |
|   58  | 66.54622617750901  | 7.945087215130146  | 58.60114028930664  |
|   59  |  66.1598257446289  | 7.880611088972826  | 58.27921420757587  |
|   60  | 66.05423196645883  | 7.796716577970065  | 58.25751610858624  |
|   61  | 66.23570190429687  | 7.766549575512226  | 58.469151693490836 |
|   62  | 66.22983991417519  | 7.616871590247521  | 58.612969458946814 |
|   63  | 65.77613334773137  | 7.529788702744704  |  58.2463452336238  |
|   64  | 65.72128272892878  | 7.450727797875038  | 58.270554945725664 |
|   65  | 66.00045418607272  | 7.439313024961032  |  58.5611414442796  |
|   66  |  65.8152080078125  | 7.365070621197041  | 58.450137890155496 |
|   67  | 65.60079259784405  | 7.404232050969051  |  58.1965596501277  |
|   68  | 65.49280348088192  | 7.262109205392691  | 58.230693734975965 |
|   69  | 65.31056938288762  | 7.248031401120699  | 58.06253830660307  |
|   70  | 65.35332095336913  | 7.208545739100529  | 58.14477580378606  |
|   71  | 65.37218326509915  | 7.163297134105976  | 58.20888487361027  |
|   72  | 65.43073378108097  | 7.163392893277682  | 58.26734041419396  |
|   73  | 65.14379233492338  | 7.122827233241154  | 58.020965580866886 |
|   74  | 65.01429525052585  | 7.086338432018573  | 57.927956418550934 |
|   75  | 65.22814224008414  | 7.072230635422927  | 58.15591162109375  |
|   76  | 64.90238850285456  | 6.985700097304124  | 57.91668718073918  |
|   77  | 65.21617141958383  | 7.018912831819974  | 58.197258256178635 |
|   78  | 65.07955627206655  |  6.95970210647583  | 58.11985424569937  |
|   79  | 65.30451407095102  | 6.950390455686129  |  58.354123046875   |
|   80  | 64.95187419245794  | 6.921847032400278  | 58.03002778977614  |
|   81  | 64.74559959294245  | 6.844563378554124  | 57.901036794809194 |
|   82  | 64.77601269061749  | 6.805947356884296  | 57.97006600482647  |
|   83  | 64.63044496037409  | 6.756563001485971  | 57.87388176785983  |
|   84  | 65.04811083280123  |  6.70319485943134  | 58.34491567288912  |
|   85  | 64.34481720440205  | 6.683340385143573  | 57.661476818378155 |
|   86  | 64.54366434654823  | 6.653041238638071  | 57.890623485858626 |
|   87  | 64.62861318734976  | 6.601578558114859  | 58.02703477125901  |
|   88  | 64.87235020564152  | 6.560518364246075  | 58.31183111807016  |
|   89  | 64.82522235576923  | 6.5053904759333685 | 58.31983050067608  |
|   90  | 64.11139195838341  | 6.5027862226046045 | 57.60860471520057  |
|   91  |  64.2837067213792  | 6.464823054387019  | 57.81888323505108  |
|   92  | 64.37807201678936  |  6.44576256443904  | 57.93230867591271  |
|   93  |  64.2480360154372  |  6.41048878625723  |  57.8375469923753  |
|   94  | 64.03353787466196  |  6.36921488571167  | 57.66432375159631  |
|   95  |  64.3401186288687  | 6.306805095085731  | 58.03331412916917  |
|   96  | 64.36204638437124  | 6.321309965867263  | 58.04073646428035  |
|   97  | 63.745478769155646 | 6.287969116797814  | 57.45750916231596  |
|   98  | 64.12291356482872  |  6.29121198448768  | 57.83170130098783  |
|   99  | 64.13010244516227  | 6.265473423884465  | 57.86462827007587  |
|  100  | 64.29479018460788  | 6.243239819159874  | 58.05155194796048  |
|  101  | 64.19655675330529  | 6.2241055714533875 |  57.972451171875   |
|  102  | 63.98502809964693  | 6.184515964508057  | 57.80051177509014  |
|  103  | 64.10967878605769  | 6.227159817622258  | 57.88251865563026  |
|  104  | 64.06316891244741  | 6.177628179990328  |  57.8855403911884  |
|  105  | 64.36725421142579  | 6.209903193253737  | 58.157350484994744 |
|  106  | 64.02637577937199  | 6.2047426358736475 | 57.821632561316854 |
|  107  | 63.97042983304537  | 6.198111770043006  |  57.7723174602802  |
|  108  | 64.19302700336164  | 6.130366846231314  | 58.06266045907827  |
|  109  |  64.4155858975924  | 6.1538653670090895 | 58.26171965848483  |
|  110  | 64.26538787372296  | 6.177115649003249  | 58.08827193979116  |
|  111  | 63.93885979989859  | 6.104722795926608  | 57.834137239896336 |
|  112  | 63.79367468026968  | 6.153518666194035  | 57.640156212439905 |
|  113  | 63.98346594003531  | 6.149061856489915  | 57.83440411376953  |
|  114  | 63.615100177471454 | 6.122270928602952  | 57.492830218975364 |
|  115  | 64.60838721172627  | 6.136896532498874  | 58.47149066866361  |
|  116  | 64.08142712871845  | 6.167492514096773  | 57.91393544593224  |
|  117  |  63.9637488685021  | 6.166276878650372  |  57.7974718369704  |
|  118  | 63.98501277512771  | 6.180859863574688  | 57.80415169818585  |
|  119  | 64.05476736684946  | 6.150941603147067  | 57.90382570002629  |
|  120  | 64.09376086425782  | 6.1854523600064795 | 57.90830809842623  |
|  121  | 64.22391870351939  | 6.115662699772761  | 58.108256016657904 |
|  122  | 63.81507978233924  |  6.1448849804218   |  57.6701945683406  |
|  123  | 64.31447143554688  | 6.136766324263353  | 58.17770544668344  |
|  124  | 64.35540702467698  | 6.145984862107497  | 58.20942244779147  |
|  125  | 64.08710154371995  | 6.148443142230694  | 57.93865833693284  |
|  126  | 63.806095853365385 | 6.137569802210881  | 57.66852651977539  |
|  127  | 63.55405306772085  | 6.122988140986516  | 57.43106561748798  |
|  128  | 63.783319110576926 | 6.122209019000714  | 57.66110995952899  |
|  129  | 64.19135369873047  | 6.114518023270827  | 58.07683605018029  |
|  130  | 63.65633837421124  | 6.0900723316486065 |  57.5662658973107  |
|  131  |  63.8259148043119  | 6.121434640444242  | 57.70447888183594  |
|  132  | 63.91872818697416  | 6.0734729925302355 | 57.845254737267126 |
|  133  | 63.750315288837136 | 6.068390087421124  | 57.68192413330078  |
|  134  | 64.26509126633864  | 6.075092543968788  | 58.18999907508263  |
|  135  | 63.722469498854416 | 6.047308459648719  | 57.675161048302286 |
|  136  | 64.13461351130559  | 6.009648808992826  | 58.12496362539438  |
|  137  |  63.8756118727464  | 6.004169543046218  | 57.87144227247972  |
|  138  | 63.47009600360577  | 6.035406114138089  | 57.43469060809796  |
|  139  | 63.67919034517728  |  6.03906315612793  | 57.640126577524036 |
|  140  | 63.980195009671725 | 6.018546870891864  | 57.961647510235125 |
|  141  | 63.82321281550481  | 6.043678313915546  | 57.779534386268026 |
|  142  | 63.74015141413762  | 5.985768006544847  | 57.75438367638221  |
|  143  | 63.77958606661283  | 5.994070050166203  | 57.78551621422401  |
|  144  | 63.70317280930739  | 5.993662444481483  | 57.70950916466346  |
|  145  | 64.13862229567307  | 5.974054349459134  | 58.164568096454325 |
|  146  | 63.76431385216346  | 5.995449237823486  | 57.76886475313627  |
|  147  | 63.56601587383564  | 5.976472754845252  | 57.58954355093149  |
|  148  |  63.449651564378   |  5.95717288002601  | 57.49248041945238  |
|  149  | 63.67189090904823  |  5.9352866161053   | 57.736604604867786 |
|  150  | 63.61676471651518  | 5.951924574045035  | 57.664839975210334 |
|  151  | 63.17625805664063  | 5.915921327737662  | 57.26033711594802  |
|  152  | 63.71382221397987  |  5.90005923139132  | 57.81376213425856  |
|  153  |  63.9233396888146  | 5.951073091947116  | 57.972267876258265 |
|  154  | 63.55959930185171  | 5.996407583676851  | 57.56319153771034  |
|  155  |  63.7510990624061  | 5.918389892871563  | 57.83270864868164  |
|  156  | 63.55444642521785  | 5.908354548234206  | 57.64609201988807  |
|  157  | 63.52987506807767  | 5.873139911651611  | 57.656734259972204 |
|  158  | 63.57023898784931  | 5.856836834247296  | 57.71340174278846  |
|  159  | 63.35790790968675  | 5.900538852691651  | 57.457368095984826 |
|  160  | 63.56236838238056  | 5.936117007328914  | 57.626251206618086 |
|  161  | 63.26532515775241  | 5.968485492412861  | 57.29684030386118  |
|  162  | 63.74158542574369  | 5.900599601158729  | 57.840986079289365 |
|  163  | 63.561870333158055 | 5.877156117659348  | 57.68471498460036  |
|  164  | 63.78356300001878  | 5.8118623604407675 | 57.97170143010066  |
|  165  | 63.809288292518026 |  5.82132804606511  | 57.98796075439453  |
|  166  | 63.35783754319411  | 5.852345220712515  | 57.50549291522686  |
|  167  | 63.52735426213191  | 5.823121606973501  | 57.70423358623798  |
|  168  | 63.20139619093675  | 5.858039454826942  | 57.343357266939606 |
|  169  | 63.05372197547326  | 5.805754129556509  | 57.24796903874324  |
|  170  | 63.38991564237154  | 5.912772526667668  |  57.4771428504357  |
|  171  | 64.02449556790866  | 5.807440192002517  | 58.21705510066106  |
|  172  | 63.20990749417818  | 5.7869962592491735 | 57.422911541278545 |
|  173  | 62.83240362079327  | 5.732755407186655  | 57.09964840463491  |
|  174  | 63.103983602670525 | 5.750010231311505  | 57.35397262103741  |
|  175  | 62.95910005070613  | 5.759047295790452  | 57.20005254187951  |
|  176  | 62.87333432945838  | 5.782448934408334  | 57.090885049673226 |
|  177  | 63.376293424166164 | 5.7546270288320684 | 57.621666147085335 |
|  178  | 63.57918639901968  | 5.721519507481502  | 57.85766645695613  |
|  179  | 62.955857487605165 | 5.728714945573073  | 57.22714211097131  |
|  180  | 62.69233063213642  | 5.755008496211126  | 56.937322225717395 |
|  181  | 63.10194651911809  | 5.713872425079345  | 57.388074216402494 |
|  182  | 62.83808872164213  | 5.715694295736459  | 57.12239347956731  |
|  183  | 63.02998626239483  |  5.72084284386268  | 57.30914373544546  |
|  184  | 62.43298352050781  | 5.730677401322585  | 56.70230599506085  |
|  185  | 62.968598264254055 | 5.690684164487399  | 57.277914485051085 |
|  186  | 63.42551197462816  | 5.707643123039833  | 57.71786944110577  |
|  187  | 63.483869253305286 | 5.723215007488545  | 57.76065427105243  |
|  188  | 62.93886668982873  | 5.692165524409368  | 57.246701303335335 |
|  189  | 63.42614155930739  | 5.696878644796518  | 57.72926217651367  |
|  190  | 62.75484666794997  | 5.702338501856877  | 57.05250811063326  |
|  191  | 62.911577491173375 | 5.673429665198693  | 57.238147212101865 |
|  192  | 63.24933434354342  | 5.675230410942665  | 57.57410387714093  |
|  193  | 63.02295304987981  | 5.697002026191124  | 57.32595142305814  |
|  194  | 62.98923358623798  | 5.698952944242038  | 57.29028074998122  |
|  195  | 63.33395984121469  | 5.699000394087571  |  57.6349592191256  |
|  196  | 62.927016075721156 | 5.675282186654898  | 57.251733778733474 |
|  197  | 62.79473997380183  | 5.692706993103028  | 57.102034111609825 |
|  198  | 63.21827670992338  | 5.672830299377441  | 57.54544542518029  |
|  199  | 62.98462587561974  | 5.7105728257986215 | 57.27405314049354  |
|  200  | 63.28836811711238  | 5.662043696183424  | 57.62632341825045  |
|  201  | 63.01034475708008  |  5.67953658089271  | 57.33080828387921  |
|  202  | 62.98331381460336  | 5.669888258420504  | 57.313425079345706 |
|  203  | 62.85196659733699  | 5.672896235832801  | 57.179069864126355 |
|  204  | 63.23831761521559  | 5.682872633420504  | 57.55544441105769  |
|  205  | 63.33936326012245  | 5.672647193908691  | 57.666716606727014 |
|  206  |  63.4213408203125  | 5.662411319439228  | 57.75893076970027  |
|  207  | 62.85290304330679  | 5.706375053112324  | 57.14652842360277  |
|  208  | 63.37160081599309  | 5.646250934307392  | 57.72534956242488  |
|  209  | 63.30949426269531  |  5.69143062210083  | 57.61806427001953  |
|  210  | 63.43903689340445  | 5.6600918673001805 |  57.7789451951247  |
|  211  | 63.42450270902194  | 5.624001108903151  | 57.800502995417666 |
|  212  | 62.94991072904147  | 5.6627743905874395 | 57.28713536189153  |
|  213  | 63.00071424748347  | 5.681307785034179  | 57.31940575937124  |
|  214  | 62.927361868051385 | 5.636035322042612  |  57.2913270310622  |
|  215  | 62.98902604088416  | 5.636382105607253  | 57.35264376126803  |
|  216  | 62.63586006986178  | 5.656924201085017  | 56.97893584266076  |
|  217  | 63.29582542302058  | 5.649233220320482  | 57.64659247060923  |
|  218  | 62.597822864239035 | 5.633545782822829  | 56.964277651273285 |
|  219  | 63.032690774770884 | 5.670927585601807  | 57.36176397705078  |
|  220  | 62.752689375657305 | 5.619746599637545  | 57.13294274667593  |
|  221  | 63.24777464177058  | 5.627213807912973  | 57.62056051166241  |
|  222  | 63.10368195988582  | 5.668002686720628  | 57.43567875554012  |
|  223  |   63.02962890625   | 5.615598584688627  | 57.41402987905649  |
|  224  |  63.0353778123122  | 5.618026687035194  | 57.41735074556791  |
|  225  | 63.11458192795973  | 5.6401478174649755 |  57.4744341806265  |
|  226  | 63.180692307692304 | 5.655867656120887  | 57.52482534320538  |
|  227  | 62.893355834960936 | 5.634965275104229  | 57.25839005690354  |
|  228  | 62.71332769305889  | 5.628207126323994  | 57.085120344895586 |
|  229  |  62.7432666015625  |  5.61863057415302  | 57.124635791485126 |
|  230  | 62.92612375582181  |  5.63350489631066  | 57.29261899507963  |
|  231  | 62.75792477416992  | 5.6688948780940125 | 57.08902963726337  |
|  232  | 63.37994927039513  | 5.656492874145508  | 57.723456275353065 |
|  233  | 63.16595024930514  | 5.694519335526686  | 57.47143074622521  |
|  234  | 62.87735583026593  | 5.598850280174842  | 57.278506192720855 |
|  235  | 63.44064297720102  | 5.699065932347224  |  57.7415771484375  |
|  236  | 63.262548508864185 | 5.580879983755258  | 57.681668935922474 |
|  237  | 62.49305659836989  | 5.613370184091421  | 56.87968610792893  |
|  238  | 62.62561287982647  | 5.577934035961444  | 57.04767803955078  |
|  239  |  63.0004171494704  | 5.564043918022743  | 57.43637332388071  |
|  240  | 62.88919877272386  | 5.552022391686073  | 57.33717591975285  |
|  241  | 62.73140457388071  |  5.54731111731896  | 57.184092665452226 |
|  242  | 62.154808340219354 | 5.549467807769775  | 56.60534132033128  |
|  243  | 62.950578674316404 |  5.57775669156588  | 57.37282261070838  |
|  244  | 62.88744888775165  |  5.57045082121629  | 57.316998307448166 |
|  245  | 62.86310399451622  | 5.507792142427885  | 57.35531247652494  |
|  246  | 63.07349864783654  | 5.553688288468581  | 57.51980970881535  |
|  247  | 63.03855939659706  | 5.535824768653283  | 57.50273509098933  |
|  248  | 62.32490906700721  | 5.532070612687331  | 56.79283776855469  |
|  249  | 62.69784177339994  |  5.49320521897536  | 57.20463631028395  |
|  250  | 62.37443310546875  | 5.505851065709041  | 56.86858065091646  |
|  251  | 62.80738787372296  | 5.499169560359075  | 57.30821769127479  |
|  252  | 62.54158216975286  | 5.499757535200852  | 57.04182477745643  |
|  253  | 62.95363818594126  | 5.505534562624418  | 57.44810460486779  |
|  254  | 63.185734731820915 | 5.496831070533165  | 57.68890458561824  |
|  255  | 62.586110267052284 | 5.475511868696946  | 57.11059854125977  |
|  256  | 62.67096175443209  | 5.485580435826228  | 57.18538111290565  |
|  257  | 62.338427987905646 | 5.468227310474102  | 56.87020153808594  |
|  258  | 62.59958639056866  | 5.468777945004977  | 57.13080752798227  |
|  259  | 62.658148291954625 | 5.4866812987694376 | 57.171466170090895 |
|  260  | 62.798759145883416 | 5.456931224822998  | 57.34182815317007  |
|  261  | 63.248503720797025 | 5.438777278606708  | 57.809726754995495 |
|  262  | 62.45331530292218  |  5.48425414951031  | 56.969061415452224 |
|  263  | 62.69062839449369  | 5.475939714578482  | 57.21468779813326  |
|  264  | 62.50211865234375  | 5.491790293473464  | 57.01032870013897  |
|  265  | 62.82380894822341  | 5.438716759314904  | 57.385092172475964 |
|  266  | 62.63534883939303  | 5.464055697807899  | 57.17129391479492  |
|  267  | 62.89634656465971  | 5.454284235440768  | 57.44206198120117  |
|  268  | 62.812356750488284 | 5.476483009338379  | 57.33587544837365  |
|  269  | 62.69125051645132  |  5.44464644740178  | 57.24660437950721  |
|  270  | 62.41973103684646  | 5.452898954831637  | 56.96683110868014  |
|  271  | 62.674701876126804 | 5.461673809344952  | 57.21302876399113  |
|  272  | 63.03930618755634  | 5.498192926847017  | 57.54111264977088  |
|  273  | 62.76538702157828  |  5.44992763871413  | 57.31545926607572  |
|  274  | 62.37195459219126  | 5.481273269359882  | 56.89068117347131  |
|  275  | 62.457708946814904 | 5.472884165250338  | 56.984825096717245 |
|  276  | 62.30065154794546  | 5.484881963583139  | 56.81576950777494  |
|  277  | 63.111025846041166 | 5.476237971672645  | 57.63478861412635  |
|  278  | 62.58614806659405  | 5.433628217256986  | 57.15252085524339  |
|  279  | 62.39995277522161  |  5.46339618066641  | 56.93655719463642  |
|  280  | 63.074696037879356 | 5.429836903498723  | 57.644859276404745 |
|  281  | 62.906614405705376 | 5.468985585432786  | 57.43762874192458  |
|  282  | 62.40678949678861  | 5.467211445735051  | 56.93957747708834  |
|  283  | 62.88551266714243  | 5.471635531498836  | 57.41387651179387  |
|  284  | 62.589014974740834 | 5.4635904637850246 | 57.12542472956731  |
|  285  | 62.40281832885742  | 5.435861966940073  | 56.96695702420748  |
|  286  | 62.420075258695164 | 5.455697348668025  | 56.96437838275616  |
|  287  | 61.966033475435694 |  5.45053474837083  | 56.515498197115384 |
|  288  | 62.57398588209886  | 5.463088659433218  | 57.11089693509616  |
|  289  |  62.7795842167781  | 5.4462029163654035 | 57.333381439208985 |
|  290  | 62.62618599290114  | 5.4555068517831655 | 57.17067922504132  |
|  291  | 62.657873014009915 |  5.46323609836285  | 57.194637467604416 |
|  292  | 62.44372036743164  |  5.46086463869535  | 56.98285561194787  |
|  293  | 62.76548106971154  | 5.476785764254056  | 57.288694629375755 |
|  294  | 62.76177968186599  | 5.473879956758939  | 57.287898876483624 |
|  295  | 62.763542107215294 | 5.486173373002273  | 57.277368063119745 |
|  296  |  62.257510350154   | 5.495938739483173  |  56.7615715214656  |
|  297  | 62.104740647536055 | 5.5173601414607125 | 56.58738115281325  |
|  298  | 62.605286794809196 | 5.475437947493333  | 57.12984837458684  |
|  299  | 62.45295086669922  | 5.460106986706074  | 56.99284372182993  |
|  300  | 62.458875873272234 | 5.416415057842548  | 57.04246064406175  |
|  301  | 62.20375690636268  | 5.447915675823505  | 56.75584069824219  |
|  302  | 62.51386365919847  |  5.44338785963792  | 57.07047630662184  |
|  303  | 62.64577482018104  | 5.431785828517033  | 57.21398895733173  |
|  304  | 62.17030481896034  | 5.485747556246244  | 56.68455788245568  |
|  305  | 62.69440027090219  | 5.498154301570012  |  57.1962473027156  |
|  306  | 62.19733005464994  | 5.488190537966215  | 56.70913850989709  |
|  307  | 62.607355123666615 | 5.437146745241606  | 57.170208310640774 |
|  308  | 62.26601381742037  | 5.427133457770714  |  56.838880859375   |
|  309  | 62.80934467491737  |  5.43524499306312  | 57.374100064791165 |
|  310  | 62.49506879131611  | 5.431913800166203  | 57.06315447998047  |
|  311  | 62.17387227454552  |  5.42821246778048  | 56.74565951538086  |
|  312  | 62.59121863966722  | 5.396627363058237  | 57.194591876690204 |
|  313  | 62.62309995915339  | 5.459375583355244  |  57.1637251187838  |
|  314  | 62.83272402719351  | 5.4138637560330904 | 57.41885983041617  |
|  315  | 63.07202343280499  | 5.470885750110333  |  57.6011378901555  |
|  316  | 62.818122589111326 | 5.3640747621976415 |  57.4540470322829  |
|  317  | 62.34326310377855  |  5.40503352355957  | 56.93823000394381  |
|  318  | 62.73460664485051  | 5.393157982165997  | 57.341448915921724 |
|  319  | 62.28912771136944  | 5.380288536952092  |  56.9088401935284  |
|  320  | 62.28492566856971  | 5.383598783052885  | 56.90132696298453  |
|  321  | 62.126965364896336 | 5.355374156365028  | 56.771592388446514 |
|  322  | 62.10567081862229  | 5.385811539576604  |  56.7198585932805  |
|  323  |  62.3251451932467  | 5.377304741786077  | 56.947839970515325 |
|  324  | 62.36598129272461  | 5.393117632939266  | 56.97286319204477  |
|  325  |  62.1784503901555  |  5.37591716003418  | 56.802532937856824 |
|  326  | 62.46482044630784  | 5.3647118779695955 | 57.10010783268855  |
|  327  | 62.406333564171426 | 5.356481368725117  | 57.04985193575346  |
|  328  |  62.4046072246845  | 5.342737015063946  | 57.06186939885066  |
|  329  | 62.197337841327375 | 5.341285894247202  | 56.85605241746169  |
|  330  | 62.61899923706055  | 5.352549575512226  | 57.26644951453576  |
|  331  | 62.252365607628455 | 5.363844145261324  | 56.888522045428935 |
|  332  | 62.446344409649186 | 5.342840264833891  | 57.10350566687951  |
|  333  | 62.63938603093074  |  5.31793760064932  | 57.321447387695315 |
|  334  | 62.38498074340821  | 5.325004870781532  | 57.05997563758263  |
|  335  | 62.08924481201172  | 5.3351713735140285 | 56.75407236891527  |
|  336  | 62.41873870380108  | 5.312695498539851  | 57.10604280677209  |
|  337  | 61.95342969219501  | 5.323294283353365  | 56.63013603093074  |
|  338  | 61.95595966045673  | 5.327811831254225  |  56.6281484351525  |
|  339  | 62.37313038283128  | 5.360056748610276  | 57.01307374690129  |
|  340  | 61.88836271550105  |  5.29254698738685  | 56.59581639920748  |
|  341  | 62.441990584153395 | 5.3240160358135515 | 57.11797443800706  |
|  342  | 61.834992903489336 | 5.321815063476563  | 56.51317791278546  |
|  343  | 62.06198631403996  | 5.355869009164663  | 56.70611702317458  |
|  344  | 62.148144197904145 | 5.2825298218360315 | 56.86561372258113  |
|  345  | 62.78328646850586  | 5.337769415635329  | 57.44551743727464  |
|  346  | 62.502568713848405 | 5.298531946035532  | 57.204036947397086 |
|  347  | 62.30301467426007  | 5.3403815706693205 | 56.962633401724005 |
|  348  | 61.96726155677209  | 5.324850878495436  | 56.64241048490084  |
|  349  | 62.22154732806866  |  5.34799684201754  |  56.8735516028771  |
|  350  | 62.39285768010066  | 5.330437197758601  |  57.0624201965332  |
|  351  | 62.22208883432241  | 5.350740717961238  | 56.87134777597281  |
|  352  | 62.36103425480769  | 5.328496756333571  | 57.03253805541992  |
|  353  | 62.391071603628305 | 5.325906528472901  | 57.06516471510667  |
|  354  | 62.19854071279673  | 5.302155949812669  | 56.89638477032001  |
|  355  | 62.15318491070087  | 5.313156560751108  | 56.84002805034931  |
|  356  | 62.186506537804235 | 5.320895402174729  | 56.865611753023586 |
|  357  | 62.34487288254958  | 5.346601259084848  |  56.9982717590332  |
|  358  | 62.37206825608474  | 5.331160738724929  | 57.04090697772686  |
|  359  | 62.21072570566031  | 5.332718992086558  | 56.878007490891676 |
|  360  | 61.82512165715144  | 5.297237735748291  |  56.5278837515024  |
|  361  | 62.537738947941705 | 5.331906921093281  | 57.205832751934345 |
|  362  |  62.4251706261268  | 5.309247509002685  |  57.1159232013409  |
|  363  | 62.55766209528996  | 5.324804773770846  | 57.23285753220778  |
|  364  | 62.16058841411884  | 5.298519211108868  | 56.86206873262846  |
|  365  | 62.135395376352164 | 5.343424169393686  | 56.791971111591046 |
|  366  | 62.55691086754432  | 5.308546190115122  |  57.248365818904   |
|  367  | 62.180268850473254 | 5.2846187409621015 | 56.895649475097656 |
|  368  | 61.660879209078274 | 5.323208510765663  | 56.337670562744144 |
|  369  | 62.42750000704252  | 5.340736154409555  |  57.0867644136869  |
|  370  | 62.11060231135442  | 5.307145518082839  | 56.80345617441031  |
|  371  | 62.676971069335934 | 5.368436278123122  | 57.308536116379955 |
|  372  | 62.51478475717398  |  5.33817134475708  | 57.17661389160156  |
|  373  | 62.19176558274489  | 5.310903713226319  | 56.88086147836538  |
|  374  | 62.04672352013221  | 5.318640248225285  | 56.72808401489258  |
|  375  | 62.35948992919922  |  5.31150429887038  | 57.04798577176608  |
|  376  | 62.043563856858476 | 5.342071515303392  | 56.701493149977466 |
|  377  | 62.24560324800932  | 5.322725531357985  | 56.92287768319937  |
|  378  | 62.33611583298903  | 5.346827134059025  |  56.9892882009653  |
|  379  | 62.19988205425556  | 5.440453557234544  | 56.759427940955526 |
|  380  | 62.45017714280348  | 5.320896971189058  | 57.12928180870643  |
|  381  | 62.171620049109826 |  5.3976721534729   | 56.77394723510742  |
|  382  | 62.06816561185396  | 5.422825025411752  | 56.645340472881614 |
|  383  | 62.33071363008939  | 5.385207272749681  | 56.94550646503155  |
|  384  | 62.337846858097954 | 5.352485048734224  | 56.985361774151144 |
|  385  | 62.35750267146184  | 5.348386565868672  | 57.00911634239784  |
|  386  | 62.16740237192007  | 5.308874882331262  | 56.85852669583834  |
|  387  |  62.1320553894043  | 5.310997365511381  | 56.821058856670675 |
|  388  | 62.05753480881911  | 5.295697788825402  | 56.76183752206656  |
|  389  | 62.30819480074369  | 5.3394563692533055 | 56.96873864041842  |
|  390  | 62.41025841346154  | 5.308105953216553  | 57.10215295175406  |
|  391  | 62.634701211782605 | 5.317811219435471  | 57.31689032217172  |
|  392  | 62.21655726975661  | 5.314950793046218  | 56.90160617534931  |
|  393  | 61.633486581655646 | 5.313737516549917  | 56.319748119647684 |
|  394  | 62.74915700824444  | 5.2944506536630485 | 57.45470657348633  |
|  395  | 62.02079198749249  | 5.323688165224516  | 56.69710267991286  |
|  396  | 62.04435185124324  | 5.265696608616755  | 56.778655458890476 |
|  397  | 62.03661430945763  | 5.298275920574482  |   56.73833984375   |
|  398  | 62.209098210261416 | 5.319967946566068  | 56.889129629281854 |
|  399  | 61.85926875892052  |  5.29054906463623  | 56.568719639704774 |
|  400  | 62.163501493013825 |  5.33924994454017  | 56.82425085683969  |
|  401  | 62.240220806415266 | 5.290873926309438  | 56.949347308819114 |
|  402  | 61.824463928222656 | 5.277829190180852  | 56.54663532667894  |
|  403  | 62.17461380004883  | 5.265115339132456  | 56.909498478816104 |
|  404  | 61.92526971905048  | 5.2459890882051905 | 56.67928108802209  |
|  405  | 62.33086587289664  | 5.274356013664833  | 57.05650973275991  |
|  406  | 62.07105799278846  |  5.2868113086407   | 56.78424620173528  |
|  407  | 62.46630794583834  | 5.243347244262695  | 57.222961198073165 |
|  408  | 62.217838904747595 | 5.271856972034161  | 56.94598165424053  |
|  409  | 62.11380938485952  | 5.2185579147338865 |  56.8952517207219  |
|  410  | 61.886847430889425 | 5.227547528193547  | 56.65929908869817  |
|  411  |  62.3296433598445  | 5.245972561762883  | 57.083672079233025 |
|  412  | 62.16701856407752  | 5.262614764873798  | 56.90440440016526  |
|  413  | 62.735775050236626 | 5.237570197178767  | 57.49820533400315  |
|  414  | 61.69651396531325  | 5.240838379786565  | 56.45567543381911  |
|  415  | 62.04597653902494  | 5.263551607572116  | 56.78242472487229  |
|  416  | 61.88154866849459  | 5.2620671011117786 | 56.61948147348257  |
|  417  | 62.13511981905424  |  5.20127547953679  | 56.93384386268029  |
|  418  | 62.348067462627704 | 5.228775424957275  | 57.119292299710786 |
|  419  | 62.113234318659856 | 5.230390057490422  | 56.88284431809645  |
|  420  | 62.25823389141376  | 5.222586152003362  | 57.03564674260066  |
|  421  | 61.935683208759016 | 5.246713302318867  | 56.68897020780123  |
|  422  | 62.15696737436148  | 5.214312001154973  | 56.94265555279072  |
|  423  | 61.97040931584285  | 5.2363673571073095 | 56.73404168935922  |
|  424  | 62.13089481529823  | 5.224523870908297  | 56.90637097872221  |
|  425  | 62.62684926194411  | 5.245381254049448  | 57.381468184251055 |
|  426  | 61.650849283071665 | 5.216712942270132  | 56.43413587130033  |
|  427  | 62.50105285409781  | 5.208098120469313  | 57.29295421424279  |
|  428  | 61.72580361703726  | 5.214058876037598  | 56.511743384728064 |
|  429  | 62.110296893780045 | 5.240059746375451  | 56.87023658400315  |
|  430  | 61.96868009127103  | 5.269208669222318  |  56.6994709777832  |
|  431  | 61.836312572772684 | 5.242498479989859  | 56.59381415968675  |
|  432  | 61.97238377262996  | 5.236737759810228  | 56.735645122821516 |
|  433  | 62.31975382408729  | 5.219162565084604  | 57.10059213022085  |
|  434  | 62.41931530761719  | 5.225016720991868  | 57.19429912391076  |
|  435  | 62.229161771334134 | 5.250506690392127  |  56.978654102032   |
|  436  | 62.134286548321064 | 5.205545031034029  | 56.928742166372444 |
|  437  | 61.78450885948768  | 5.206783012390137  | 56.57772604370117  |
|  438  |  61.6045454289363  |  5.25201953623845  | 56.352525245079626 |
|  439  | 62.039635329026446 | 5.2561467490563025 | 56.783489922156704 |
|  440  |  62.0563426936223  | 5.205613277728741  | 56.85072955791767  |
|  441  | 62.15939301241361  | 5.216892849555382  | 56.94250040142353  |
|  442  | 62.133784818209136 | 5.185879263070913  | 56.94790572650616  |
|  443  | 62.173322251539965 | 5.251188193394587  | 56.92213400503305  |
|  444  | 62.03498737276517  | 5.236369705787072  | 56.79861768751878  |
|  445  | 62.19927236703726  | 5.239308425316444  | 56.95996363478441  |
|  446  | 61.93298327636719  | 5.198052264286922  | 56.734931619497445 |
|  447  | 62.11267865929237  | 5.2432638784555285 | 56.869414290208084 |
|  448  | 61.73198793616662  | 5.269715461437519  | 56.46227254310021  |
|  449  | 61.72402386005108  | 5.275878913292518  | 56.44814490919847  |
|  450  | 62.00470296302208  | 5.313207656273475  | 56.69149592238206  |
|  451  |  62.1119123816857  | 5.278730867532583  | 56.83318116642879  |
|  452  | 61.75335637019231  | 5.226479318765493  | 56.526876248873194 |
|  453  | 61.82695575890174  | 5.239137862865741  |  56.5878171480619  |
|  454  | 62.044475116436296 |  5.24662186226478  | 56.797853222186745 |
|  455  | 61.845175485464246 |  5.27597401369535  | 56.56920131507287  |
|  456  | 62.09636864764874  | 5.257720271183894  | 56.838647756723255 |
|  457  |  61.3441751568134  |  5.2061310741718   | 56.13804420353816  |
|  458  | 62.35912303748498  | 5.305482626401461  | 57.05363985267052  |
|  459  | 62.05955315692608  | 5.2251436729431155 | 56.83440866088867  |
|  460  | 62.16368913621169  |  5.21310663487361  | 56.95058201951247  |
|  461  | 61.989364776611325 | 5.2214177140455975 | 56.76794793701172  |
|  462  | 61.912412229097804 |  5.26474566092858  | 56.64766568227915  |
|  463  | 61.70850538517879  | 5.240917987236609  | 56.46758788123498  |
|  464  | 61.92752927339994  | 5.193683013329139  | 56.733846811147835 |
|  465  | 62.06951895845853  |  5.21191466492873  |  56.8576057035006  |
|  466  | 62.09789166494516  | 5.217141082470234  | 56.880751701941854 |
|  467  | 61.65922735595703  | 5.234891701624943  |   56.4243359375    |
|  468  | 61.290724754920376 | 5.278510599869948  | 56.01221393291767  |
|  469  | 61.54367510516827  | 5.215723545367901  | 56.327950303297776 |
|  470  | 61.66041583251953  | 5.217943768427922  | 56.44247127122146  |
|  471  | 62.03069438523513  | 5.234086959545429  | 56.79660738666241  |
|  472  |  61.7133039433406  | 5.198522514343262  | 56.51478124060998  |
|  473  | 61.93540879234901  | 5.158544002239521  | 56.77686444561298  |
|  474  | 61.77347614933894  | 5.176840359321007  | 56.596636033278244 |
|  475  | 61.78437690852238  | 5.242231291550857  | 56.54214536461463  |
|  476  | 62.22428887939453  | 5.227925748091478  | 56.99636265211839  |
|  477  | 62.12805190335787  | 5.242106408926157  |  56.8859454674354  |
|  478  |  61.7506005061223  | 5.2397187552818885 | 56.51088137113131  |
|  479  | 61.74008208524264  | 5.2059447188744175 | 56.53413772817758  |
|  480  | 61.94485680917593  | 5.234206767449012  |  56.7106496464656  |
|  481  | 62.693859783466046 | 5.190219703380878  | 57.50364104050856  |
|  482  | 61.88404277155949  | 5.180887168003963  | 56.70315523118239  |
|  483  | 62.02622592632587  | 5.1971017758296085 | 56.82912380746695  |
|  484  | 62.04846933218149  | 5.177871937384972  | 56.870597963773285 |
|  485  | 61.934619591346156 | 5.199869817000169  | 56.73474983802208  |
|  486  | 61.49792400418795  | 5.1340074759263254 | 56.36391703444261  |
|  487  | 61.82839017662635  |  5.14263063284067  | 56.685759721022386 |
|  488  | 62.05370559692383  | 5.202843477102427  | 56.85086201124925  |
|  489  |  61.7971463693472  | 5.157001510620117  | 56.64014473548302  |
|  490  | 61.566965299166164 | 5.184160491943359  | 56.38280391986554  |
|  491  | 61.71617725078876  | 5.177168568244348  | 56.539009002685546 |
|  492  | 61.99147197547326  | 5.141133583655725  |  56.8503393765963  |
|  493  | 61.755320533165566 | 5.157958416865422  | 56.59736146897536  |
|  494  | 61.75464557119516  | 5.159627337822547  | 56.595018787090595 |
|  495  | 61.77080291513296  | 5.158670674544115  | 56.61213233360878  |
|  496  | 62.25319327251728  | 5.141014813056359  |  57.1121787484976  |
|  497  | 62.18097721041166  | 5.151275719862718  | 57.02970142775315  |
|  498  | 61.74174932391827  | 5.1496038680443394 | 56.59214502657377  |
|  499  | 61.722170658991885 | 5.1626954774122975 | 56.55947555072491  |
|  500  | 61.921640068641075 | 5.161258430774395  | 56.760382014347954 |
|  501  | 61.83420252403846  | 5.140458277482253  | 56.693744708721454 |
|  502  | 61.82358131526067  | 5.135775047889123  | 56.68780540583684  |
|  503  | 61.97247591224084  | 5.106221245398888  | 56.86625373018705  |
|  504  | 61.761594728910005 | 5.133244194617638  | 56.628350665752706 |
|  505  | 61.69632696767954  | 5.150216821817251  | 56.54611048302284  |
|  506  | 61.51295146061824  | 5.168591197380652  | 56.34435971538837  |
|  507  | 61.844713709904596 | 5.1728733579195465 | 56.67184039776142  |
|  508  | 61.72601250281701  | 5.133552754622239  | 56.59245957594651  |
|  509  | 61.77367610990084  | 5.152896672762357  | 56.62078026169997  |
|  510  |  61.8454212881235  | 5.141786212040828  | 56.703634591909555 |
|  511  | 61.92212092472957  | 5.113242799025316  | 56.80887807992789  |
|  512  | 61.75220684814453  | 5.121909627180833  | 56.630296806922324 |
|  513  | 62.35167919452374  | 5.1319177105243385 | 57.21976208496094  |
|  514  | 61.675789621206434 | 5.152151828178993  | 56.523638155423676 |
|  515  | 61.86469200721154  | 5.142008094787598  | 56.72268302330604  |
|  516  | 61.66769685715895  | 5.162562482393705  | 56.50513431020883  |
|  517  | 61.57596016047551  | 5.156659666501559  | 56.41929955819937  |
|  518  | 61.61360348745493  | 5.169345232743483  | 56.44425838294396  |
|  519  | 61.837003723144534 |  5.14717070887639  | 56.689833500788765 |
|  520  | 62.04061993408203  | 5.150764693920429  | 56.88985505324143  |
|  521  | 61.716079810509314 | 5.164296672821045  | 56.55178365854117  |
|  522  | 61.62419422325721  | 5.156501014122596  | 56.46769319035457  |
|  523  | 61.87435965435321  |  5.15479328419612  | 56.71956519024189  |
|  524  | 61.75812684513972  | 5.168736116262583  | 56.58939095834585  |
|  525  | 61.623249206542965 | 5.162668194990892  | 56.460580488938554 |
|  526  | 62.10417453472431  | 5.1871492802546575 | 56.917024789663465 |
|  527  | 61.84547087918795  | 5.215101657573993  | 56.630369513878456 |
|  528  | 61.68390655048077  | 5.185857309781588  | 56.498049931452826 |
|  529  | 61.506143296461836 | 5.134424152667706  | 56.37171865140475  |
|  530  | 61.52220973792443  | 5.188761594332181  | 56.333448669433594 |
|  531  | 61.900387587327224 | 5.177435163938082  | 56.72295163198618  |
|  532  | 61.75452438119741  |  5.22011686706543  | 56.534407827524035 |
|  533  |  62.1835075378418  | 5.151281062786396  | 57.03222626201923  |
|  534  | 62.137452204777645 | 5.180975824796237  | 56.956476719782906 |
|  535  | 61.56811751145583  | 5.145358566284179  | 56.42275974449745  |
|  536  | 61.46952008291391  | 5.181633823101337  | 56.287887150691105 |
|  537  | 62.019650059626656 | 5.147155269035927  |  56.8724951946552  |
|  538  | 61.500136979323166 | 5.264646635202261  | 56.23549037992037  |
|  539  | 61.484280900221606 | 5.190019427666297  | 56.29426169057993  |
|  540  | 61.44831549307016  | 5.209493387075571  | 56.238821338360125 |
|  541  | 61.43021622877855  | 5.201314951676589  | 56.22890143291767  |
|  542  | 62.19104484910231  | 5.171816796522874  | 57.019227893535906 |
|  543  | 61.78052641179011  | 5.169278841165396  | 56.61124790132963  |
|  544  | 61.726023700420676 | 5.1587512086721565 | 56.567271942138674 |
|  545  |  61.3899024611253  | 5.145250683417687  |  56.2446515995906  |
|  546  | 61.318474712665264 | 5.172464502187876  | 56.14600991821289  |
|  547  | 61.39738834087665  | 5.172353946392353  | 56.22503453885592  |
|  548  | 61.70761913358248  |  5.13475586113563  |  56.5728637108436  |
|  549  | 61.642543266883266 | 5.1612467938936675 | 56.48129691725511  |
|  550  | 61.69044060575045  | 5.188617834531344  | 56.50182234074519  |
|  551  | 61.81228045654297  | 5.141905539879432  | 56.670375190147986 |
|  552  | 61.699600938063405 | 5.095616330953745  |  56.603984180157   |
|  553  | 61.784338606614334 | 5.155338431431697  | 56.628999539888824 |
|  554  | 61.87388579618014  | 5.116138042449951  | 56.75774729567308  |
|  555  | 61.216662088247446 | 5.1094413020794205 | 56.107220334566556 |
|  556  | 61.92611017315204  | 5.129195198059082  | 56.796914107102616 |
|  557  | 61.844929971548225 | 5.124426053267259  |  56.7205044156588  |
|  558  | 61.61504865206205  | 5.1411965126624475 | 56.47385138174204  |
|  559  | 61.03728120304988  | 5.127256074758677  | 55.91002537888747  |
|  560  | 62.09791771521935  | 5.094176680051364  | 57.00374103017954  |
|  561  | 61.38939091374324  | 5.110741555434007  | 56.27864990703876  |
|  562  | 61.73561831899789  | 5.1246841671283425 | 56.61093456561749  |
|  563  | 61.69503330641526  | 5.144809050926796  | 56.550225069486174 |
|  564  | 61.65238821176382  | 5.096605333474966  | 56.555783653846156 |
|  565  |  62.0187171067458  | 5.090139014024001  | 56.92857877525916  |
|  566  | 61.67775012911283  | 5.081255680671105  | 56.59649425095778  |
|  567  | 61.80959810931866  | 5.115028557117169  | 56.69457027963492  |
|  568  | 61.31805016620343  | 5.108994080763597  | 56.20905708665114  |
|  569  | 61.924364443265475 | 5.095736193730281  | 56.828627974290114 |
|  570  | 61.23711951153095  | 5.0997271408667935 | 56.137393033541166 |
|  571  | 61.72111722271259  |  5.06588606262207  | 56.65523137958233  |
|  572  | 62.03918366182767  | 5.088724812140832  | 56.95045721670297  |
|  573  | 61.44983905968299  | 5.082803802783673  | 56.36703498018705  |
|  574  | 61.213199063814606 | 5.083298589266263  | 56.129900583120495 |
|  575  | 61.491928558349606 | 5.077206332866962  | 56.414721745417665 |
|  576  | 61.62713743239183  | 5.074440781813402  | 56.55269689471905  |
|  577  | 61.39350510113056  | 5.069487414139967  | 56.324018885685845 |
|  578  | 61.46377720055213  | 5.048310172154353  | 56.415467163085935 |
|  579  | 61.790755568284254 | 5.080114803901085  | 56.71063986440805  |
|  580  | 61.516854682335484 |  5.08547998046875  | 56.43137492722732  |
|  581  | 61.618079005314755 | 5.071966398972731  | 56.546111976036656 |
|  582  | 61.40169451434796  | 5.0669011344909665 | 56.334793522761416 |
|  583  | 61.47313157301683  | 5.089456585517296  | 56.383676215538614 |
|  584  | 61.28460634671725  | 5.1054043904818025 | 56.17920251230093  |
|  585  | 61.58771542593149  | 5.104103206047645  | 56.48361263803336  |
|  586  | 61.61762974196214  | 5.1138798270592325 | 56.50374973942683  |
|  587  | 61.31307990675706  | 5.097438529087947  | 56.21564160860502  |
|  588  | 61.40827267221304  |  5.10527796466534  | 56.30299531907302  |
|  589  | 61.52273103684645  | 5.110877372448261  | 56.411853172889124 |
|  590  | 61.36085783973107  |   5.105933862246   |  56.2549242577186  |
|  591  |  61.6002774212177  | 5.079125702491173  | 56.52115133901743  |
|  592  | 61.47463423743615  | 5.1078299346336955 | 56.366803621732274 |
|  593  | 61.51657030780499  | 5.100364883129413  | 56.41620456167368  |
|  594  | 62.19697349196214  | 5.056286712646484  | 57.14068625582181  |
|  595  | 61.55049420400766  | 5.069184702066274  | 56.48131069476788  |
|  596  | 61.431332345815804 | 5.096527391286997  | 56.33480513822116  |
|  597  | 61.22648958881085  | 5.074574013930101  | 56.15191537475586  |
|  598  | 61.71617019888071  | 5.061696963970478  | 56.65447392390325  |
|  599  | 61.803445814866286 | 5.144641664358286  | 56.658804361196665 |
|  600  | 61.262866708608776 | 5.070333271906926  | 56.19253408578726  |
|  601  |  61.2868076570951  | 5.124493877997765  | 56.162313598632814 |
|  602  | 61.63873888925406  | 5.108977836902325  | 56.529761045015775 |
|  603  | 61.92215214421199  | 5.057248693612905  | 56.86490351985051  |
|  604  | 61.68917904663086  | 5.100043554746188  | 56.58913423508864  |
|  605  | 61.82433559006911  | 5.142215048569899  | 56.68212057495117  |
|  606  |  61.6938037884052  | 5.104788684844971  | 56.58901578463041  |
|  607  | 61.43775694157527  | 5.097900784419133  | 56.339855895996095 |
|  608  | 61.814901869553786 | 5.048318506387564  | 56.76658262751653  |
|  609  | 61.653525641808145 | 5.123055717174823  | 56.53047009042593  |
|  610  |  61.6966825373723  |  5.12350307904757  | 56.573179041935845 |
|  611  | 61.531324061467096 | 5.100410763080303  | 56.430913646991435 |
|  612  | 61.65563672109751  | 5.113952814835769  | 56.54168540132963  |
|  613  | 61.720789165790265 | 5.117397935133714  | 56.603391211876506 |
|  614  | 60.98118580744817  | 5.095665895315317  | 55.885520350529596 |
|  615  | 61.17301291128305  | 5.101118071336012  | 56.071894939716046 |
|  616  | 61.89610377619817  |  5.11133715057373  |  56.7847673809345  |
|  617  | 61.62380489408053  | 5.140712154975304  |  56.4830932804988  |
|  618  | 61.772563401442305 | 5.090633628551776  | 56.68192975323017  |
|  619  | 61.41374124615009  |  5.09602352318397  | 56.31771814669096  |
|  620  | 62.06949264056866  | 5.113413856212909  | 56.95607798180213  |
|  621  | 61.593694704495945 | 5.101018701700064  | 56.49267592914288  |
|  622  | 61.51841148024339  | 5.177514790461614  | 56.34089712993915  |
|  623  |  61.6880350388747  | 5.118323148580698  | 56.569711615929236 |
|  624  | 61.46749714308519  | 5.165610187237079  | 56.30188727745643  |
|  625  | 61.834523216834434 | 5.094646128140963  | 56.73987800480769  |
|  626  | 61.47235634906475  |  5.11195966896644  | 56.360396770770734 |
|  627  | 61.85212454458384  | 5.121311635237474  | 56.73081309626652  |
|  628  | 61.87950150005634  | 5.126900445204515  | 56.752600560114935 |
|  629  | 61.61767517089844  | 5.073398954538199  | 56.54427681086614  |
|  630  | 61.60100849092924  | 5.0794630564176115 | 56.52154560265174  |
|  631  | 61.14387204918495  | 5.082514907836914  | 56.06135754159781  |
|  632  | 61.44860296161358  | 5.091087856586163  | 56.35751552405724  |
|  633  | 61.37269822105995  | 5.087946926116944  | 56.28475261277419  |
|  634  | 61.29266248497596  | 5.079976893498348  | 56.21268553278996  |
|  635  | 61.262008678729714 |  5.00497897045429  | 56.25702963491587  |
|  636  | 61.44188735727163  | 5.057409839923565  | 56.38447719163161  |
|  637  | 61.74864841871995  | 5.044387366661659  | 56.704261385404145 |
|  638  | 61.74168971135066  | 5.070523326286903  | 56.671166891244745 |
|  639  | 61.32129697829026  | 5.066117042248066  | 56.255179739145134 |
|  640  | 61.558503119835486 | 5.056674254197341  |  56.5018296086238  |
|  641  | 61.155472501314605 | 5.032989181811993  | 56.122482978233926 |
|  642  | 60.83309033907377  | 5.023949533022367  | 55.80914081749549  |
|  643  | 61.073591036283055 |  5.05128089083158  | 56.022309525709886 |
|  644  | 61.121558861365685 | 5.039993469825157  | 56.08156569026067  |
|  645  | 61.64613252140926  | 5.017033938774696  | 56.629099001370946 |
|  646  | 61.584989440917965 | 5.061659162668081  | 56.52332988797701  |
|  647  | 61.651429372934196 | 5.0200475686880255 | 56.63138194157527  |
|  648  | 61.22892594088041  | 5.017635798527644  | 56.211290252685544 |
|  649  | 61.31764556884766  | 5.0144769031818095 | 56.303167996920074 |
|  650  | 61.693041013277494 | 5.063106942396898  | 56.62993416654147  |
|  651  | 61.33916300142728  |  5.03293409054096  | 56.30622862830529  |
|  652  | 61.528590395413914 | 5.008655205946702  | 56.51993554452749  |
|  653  | 61.32525891113281  | 5.032702795175406  | 56.29255588238056  |
|  654  | 61.24440845430814  | 5.039142890049861  | 56.205265409029444 |
|  655  | 61.24594365516076  | 5.012566697340745  | 56.233376490666316 |
|  656  | 60.97392815457857  | 4.994148881472074  | 55.979778886061446 |
|  657  | 61.523799576979414 | 5.048104846660907  | 56.475694411057695 |
|  658  |  61.2573470294659  | 5.0175649094214805 | 56.23978174767127  |
|  659  |  61.1761192955604  | 5.054477370628944  | 56.121641486534706 |
|  660  | 61.25759221003606  | 5.014246945307805  | 56.243346304086536 |
|  661  | 61.25742513099083  | 5.045302853217492  | 56.21212289663462  |
|  662  | 61.28220205923227  | 5.033497050065261  | 56.248705521803636 |
|  663  | 61.17175911536584  | 5.007710525219257  | 56.164048217773434 |
|  664  | 61.53140658099835  | 5.037001199282133  | 56.494405017559345 |
|  665  |  61.2782891798753  | 5.015249389941876  | 56.26303887939453  |
|  666  | 61.54380422738882  | 5.047500146132249  |  56.496304882343   |
|  667  | 61.506857705923224 | 5.028240097045899  |  56.4786176170936  |
|  668  | 61.09278237210787  | 5.053508925217849  | 56.039273092416614 |
|  669  | 61.636994924692004 | 5.055898350935716  | 56.58109688157302  |
|  670  | 61.61033818875826  | 4.9993954189007095 | 56.610943361722505 |
|  671  | 61.48708973106971  | 5.025736007396992  | 56.461354271521934 |
|  672  | 61.16474575805664  | 5.044257920485276  | 56.12048814039964  |
|  673  | 61.22128079458383  | 5.045534302931565  | 56.17574698814979  |
|  674  | 61.22388067626953  | 5.064411949744591  | 56.15946878051758  |
|  675  | 61.76495100050706  | 4.996522489694448  | 56.76842876727765  |
|  676  | 61.61133045137846  | 5.055746634263259  | 56.55558320735051  |
|  677  | 61.23197716815655  | 5.064407626225398  | 56.167569704495946 |
|  678  | 61.466452068622296 | 5.031013943892259  | 56.435438734788164 |
|  679  | 61.37229838444637  | 5.048798204275278  | 56.323499985914964 |
|  680  | 60.92899041043795  | 5.034888989962064  | 55.89410167283278  |
|  681  | 61.78596620060847  | 5.048744156764104  | 56.737221907395586 |
|  682  | 61.497097102238584 | 5.067859972733718  | 56.429237055851864 |
|  683  | 61.33807719069261  | 5.036245023287259  | 56.301832165057846 |
|  684  | 61.23528270780123  | 5.024593445117657  | 56.21068884042593  |
|  685  | 61.00191176429162  | 5.068044419802153  | 55.93386778376652  |
|  686  | 61.156713270920974 | 5.051864408639761  | 56.10484861168494  |
|  687  | 60.68228955547626  | 5.028800683241624  |  55.6534889455942  |
|  688  | 61.35097594745343  | 5.057514743218055  | 56.293461904672476 |
|  689  | 61.801838594876806 | 5.044865938920241  | 56.756972494272084 |
|  690  | 61.75521963735727  | 5.019185026022104  | 56.73603459754357  |
|  691  | 61.78664719801683  | 5.027401860750638  | 56.75924526038537  |
|  692  | 61.12734525709886  | 5.019806977198674  | 56.10753807654748  |
|  693  |  61.5710744910607  | 5.022770006033091  | 56.54830421330379  |
|  694  | 61.891317767803486 | 5.001652737250695  | 56.88966442871094  |
|  695  | 61.301078434870796 | 5.019847449376033  | 56.281230694110576 |
|  696  | 61.27800299307016  | 5.039439115671011  | 56.23856370192308  |
|  697  | 61.50344820697491  | 5.043041504493127  | 56.46040643310547  |
|  698  | 61.02493859159029  | 5.040960737081674  | 55.98397817054162  |
|  699  | 61.41636989886944  | 5.031081735170805  | 56.38528866342398  |
|  700  | 61.60917832359901  | 5.0388192396897535 |  56.5703601168119  |
|  701  | 61.11057191819411  |  5.01952228810237  | 56.091049576979415 |
|  702  | 61.386914348895736 | 5.035809673896202  | 56.35110333017202  |
|  703  | 61.47311996459961  | 5.017978387685923  | 56.45514254525992  |
|  704  | 61.30599110295223  | 5.028307440244235  | 56.27768316885141  |
|  705  | 60.99370865807167  | 5.015199995187612  | 55.97850868577223  |
|  706  | 62.15761391038161  | 5.031509893564078  | 57.12610427152193  |
|  707  | 61.49732208956205  | 5.023492465386024  | 56.47382913912259  |
|  708  | 61.199360407902645 | 4.9931329416128305 | 56.20622789823092  |
|  709  | 61.65609774545523  | 5.000507786090558  | 56.65558924983098  |
|  710  | 61.333598853478065 | 4.9903982667189375 | 56.34320026573768  |
|  711  | 61.42256340848483  | 5.011158078120305  | 56.41140443303035  |
|  712  | 61.19774893188477  | 5.0341584945091835 | 56.16359059495192  |
|  713  |  60.9753904677171  | 5.018530048370361  | 55.95685967548077  |
|  714  | 61.44355270855243  | 4.985027536245493  | 56.45852551269531  |
|  715  | 61.316428936298074 | 5.001052225846511  | 56.31537709162785  |
|  716  | 61.29189362511268  | 4.981163414588341  | 56.31073092651367  |
|  717  | 61.39798029268705  | 4.998243413485014  | 56.39973651827299  |
|  718  |  61.0749248445951  | 4.962092489095834  | 56.11283244206355  |
|  719  |  61.1154991408128  | 4.993500323662391  | 56.121998943622295 |
|  720  | 61.37625102116512  | 5.014841255774865  | 56.36140969848633  |
|  721  | 60.83638093449519  | 4.973577500563401  | 55.86280346914438  |
|  722  | 60.96584404578576  | 4.977332094339224  | 55.98851250751202  |
|  723  |  61.2705400789701  | 4.980080266512357  | 56.29046055720403  |
|  724  | 61.41510561899038  | 4.973515790792612  | 56.44159042358398  |
|  725  | 60.756587209848256 | 4.977498686570388  | 55.77908883197491  |
|  726  | 61.693347041203424 | 4.958128770681528  | 56.73521879225511  |
|  727  | 60.97262063363882  | 4.994483199779804  | 55.97813822584886  |
|  728  | 61.048294743464545 | 5.019544791294979  | 56.028749673696666 |
|  729  | 61.412212031437804 | 4.983249066572923  | 56.42896302443284  |
|  730  | 61.49508225661058  | 4.982192327352671  | 56.512890911395736 |
|  731  | 61.189814448429985 | 4.980437367072472  | 56.209377685546876 |
|  732  | 61.28077805739183  | 4.9511620275057275 | 56.32961583064153  |
|  733  | 60.816280045729414 | 4.974513501093938  | 55.84176606867864  |
|  734  | 61.161923194298375 | 4.954037138131949  | 56.207886408879205 |
|  735  | 61.01145698195237  | 4.974253305581899  | 56.037203756479116 |
|  736  |  61.1481536700909  | 5.000927780444806  | 56.14722596153846  |
|  737  | 60.99695228928786  |  4.97349527153602  | 56.02345735990084  |
|  738  | 61.19298042179988  | 4.987637928302472  | 56.205341904860276 |
|  739  | 60.99082854520358  | 4.986345487741324  | 56.004483466515175 |
|  740  | 61.33231668560322  | 4.9800253058213455 | 56.35229087007963  |
|  741  |  61.118169921875   | 4.989916721050556  | 56.128253457876355 |
|  742  |  60.9489242577186  |  4.96215536909837  | 55.98676829176683  |
|  743  | 61.54914308988131  | 4.969261077587421  | 56.57988196739784  |
|  744  | 61.660690321702226 | 5.002699197622446  | 56.657990598238435 |
|  745  | 61.33657861562875  | 4.962610623579759  | 56.37396836500901  |
|  746  | 61.14709432983398  | 4.993024443112887  | 56.154070021409254 |
|  747  | 61.417973822960484 | 4.9865955038804275 | 56.431378011850214 |
|  748  | 61.55643236130935  | 5.024464900090144  | 56.53196798940805  |
|  749  | 61.37977012282151  | 5.029114122537466  | 56.35065682748648  |
|  750  | 61.36040170053335  | 5.011434590266301  | 56.34896723585862  |
|  751  | 61.703782930814306 |  4.9833161914532   | 56.720466951810394 |
|  752  | 61.14502821936974  | 4.998720964285043  |  56.1463068378155  |
|  753  | 61.41631312913161  | 4.988416680556077  | 56.42789621910682  |
|  754  | 61.42881049053486  | 4.966212343069223  | 56.462598358154295 |
|  755  | 61.146748403695916 | 4.979493734799899  | 56.167254791259765 |
|  756  | 61.05249428147536  | 5.0170668070866515 | 56.03542729069636  |
|  757  | 61.44888038517879  |  5.03560735144982  | 56.41327343045748  |
|  758  | 61.32836275306115  | 4.988560257544885  |  56.3398021075909  |
|  759  | 61.34935934917743  | 5.0118884714566745 | 56.33747183227539  |
|  760  | 61.34586018254207  | 5.010265607687143  | 56.33559448007437  |
|  761  | 61.41680698101337  | 5.005330280890831  | 56.41147728318435  |
|  762  | 61.02904542189378  | 4.991798529111422  | 56.03724696467473  |
|  763  | 61.72772371262771  | 5.005307186126709  | 56.722416884202225 |
|  764  | 61.03756668560322  | 5.009504830580491  | 56.02806195068359  |
|  765  | 61.15010731388973  | 5.010824009528527  | 56.13928416090745  |
|  766  | 61.389125939002405 |  4.98062812599769  |  56.4084977346567  |
|  767  |  61.472533203125   | 5.009900089850793  | 56.46263370689979  |
|  768  | 61.141542064960184 |  4.98601220028217  | 56.15553045184796  |
|  769  | 61.28913542527419  | 4.986997778965876  | 56.30213803570087  |
|  770  | 61.299826756403995 | 5.1140037856468785 | 56.18582360839844  |
|  771  | 60.98618709153396  | 5.059668710268461  | 55.926518296461836 |
|  772  | 60.98120071880634  | 5.0947983263455905 | 55.88640276160607  |
|  773  | 60.97631178401067  | 5.031991276667668  | 55.94432000497671  |
|  774  | 61.506559335561896 | 5.051973465259259  | 56.45458755962665  |
|  775  | 61.38848135610727  | 4.994685168046217  | 56.39379568011944  |
|  776  | 61.16368567129282  | 4.985714099003719  | 56.177971109243536 |
|  777  | 61.226420473538916 | 4.972031705709604  | 56.25438834557166  |
|  778  | 60.91396983454778  | 4.972932964911828  | 55.94103662813627  |
|  779  | 61.148094313401444 | 4.9821891370920035 | 56.165904505803034 |
|  780  | 61.267414170485274 | 4.986002999232365  | 56.28141120793269  |
|  781  | 60.93020833881085  | 5.000358769636888  | 55.92984890042818  |
|  782  | 61.15948782818134  |  5.05420878630418  | 56.105278364915115 |
|  783  | 61.13817459810697  | 5.015519238692064  | 56.12265545419546  |
|  784  | 61.26692485868014  | 4.959993572235107  | 56.306930957500754 |
|  785  | 60.990348022460935 | 4.961763930980976  | 56.02858305945763  |
|  786  | 61.16829645714393  | 4.986806763282189  | 56.18148931180514  |
|  787  | 60.82714045597957  | 4.965528016310472  | 55.861611882136415 |
|  788  | 61.05684250582181  | 4.950288028717041  | 56.10655423443134  |
|  789  | 61.888432312011716 | 4.956034547365629  | 56.93239723557692  |
|  790  | 60.90443787794847  | 4.967400900327243  | 55.93703649667593  |
|  791  | 61.39927040686974  | 4.931173489790696  | 56.468097024770884 |
|  792  | 61.12947955791767  | 4.931447433471679  | 56.19803355994591  |
|  793  | 61.21886988713191  | 4.938711506770208  | 56.28015805053711  |
|  794  | 60.98487025334285  | 4.912769542107215  | 56.07210080190805  |
|  795  | 61.32182532207783  | 4.916398710397574  |  56.4054271897536  |
|  796  | 61.04309014892578  | 4.917571603921743  | 56.125518479567305 |
|  797  | 60.749484929011416 | 4.934020668323224  | 55.815463871882514 |
|  798  | 60.245123530461235 | 4.925277589357816  | 55.31984479229267  |
|  799  | 60.60302546105018  | 4.929906257629394  | 55.673118995079626 |
|  800  |  61.4038637108436  | 4.913937475644625  |  56.4899257413424  |
|  801  | 60.95387289428711  | 4.910374827751746  | 56.04349770413912  |
|  802  | 60.85772757192758  | 4.907480523622953  | 55.950247185340295 |
|  803  | 60.98854506037785  | 4.911530691587008  | 56.07701388784555  |
|  804  | 61.027809413029594 | 4.925198147113506  | 56.10261072951097  |
|  805  | 61.07254353919396  | 4.944613391289344  |  56.1279302743765  |
|  806  | 61.057735579270584 | 4.969507188943716  | 56.08822915884165  |
|  807  | 61.116616666353664 | 4.897242795210619  | 56.21937345064603  |
|  808  | 61.09578305288461  | 4.918868086007925  | 56.17691508131761  |
|  809  | 60.648521291879504 | 4.902227627680852  | 55.74629445941632  |
|  810  | 61.18217739633413  | 4.884863943246695  | 56.29731307748648  |
|  811  | 61.146150127704324 | 4.901637930356539  | 56.24451111309345  |
|  812  | 60.70007179142878  | 4.950223594665528  | 55.74984840979943  |
|  813  |  61.0098519920936  | 4.935033980736366  | 56.074818796011115 |
|  814  | 61.19297609065129  | 4.940803616450383  | 56.25217184213491  |
|  815  | 60.874160360483025 |  4.91672897544274  | 55.95743179321289  |
|  816  | 60.75983755258414  | 4.917923731877254  | 55.84191372445913  |
|  817  | 61.161696364182696 | 4.934634024399977  | 56.22706203519381  |
|  818  | 61.348510899470405 | 4.891047869462233  | 56.45746332960862  |
|  819  | 61.63550326303336  | 4.936443565955529  |  56.6990593754695  |
|  820  | 61.304902181772086 | 4.931855830265926  | 56.37304701115535  |
|  821  | 61.00764602895883  |  4.90435655945998  | 56.103289039024936 |
|  822  | 60.85411002995418  |  4.96240517454881  | 55.89170400061974  |
|  823  | 61.147794588529145 | 4.920747113154484  |  56.2270467951848  |
|  824  | 61.05449012169471  | 4.938841881678655  | 56.115648740328275 |
|  825  | 60.889051450289216 |  4.9434810594412   | 55.945569713885966 |
|  826  | 60.99325334050105  |  4.98067228610699  | 56.012582017164966 |
|  827  | 61.149452002892126 | 4.9248869893000675 | 56.22456506347656  |
|  828  | 60.536831035907454 | 4.943187151395358  | 55.59364404296875  |
|  829  | 61.28555409358098  | 4.951539286686824  | 56.33401545597957  |
|  830  | 61.098659550593446 | 4.943650756835938  | 56.15500916935847  |
|  831  | 60.84854903705303  | 4.946429429274339  | 55.90211954674354  |
|  832  |  60.7229401550293  | 4.933119296440712  |  55.7898218735915  |
|  833  |  61.0976321880634  | 4.974200188856859  | 56.12343206787109  |
|  834  | 61.029232264592096 | 4.901161815056434  | 56.128070451002856 |
|  835  | 61.15793543184721  | 4.9491723615206205 | 56.20876314133864  |
|  836  | 61.05063264582707  | 4.9490369606018065 | 56.101595851017876 |
|  837  | 61.019349186823916 | 4.9297469265277565 | 56.089602379432094 |
|  838  | 60.67333248197115  | 4.929951521066519  | 55.743381286621094 |
|  839  | 61.28176381742037  | 4.927201222933256  | 56.35456201876127  |
|  840  | 60.951580672044024 | 4.9583403499309835 | 55.993240455040564 |
|  841  | 61.060910764254054 | 5.041776575528658  | 56.019133833665116 |
|  842  | 60.97983034339318  | 5.019927153660701  | 55.95990284846379  |
|  843  | 60.840034959059494 |  4.94449807533851  | 55.895535895714396 |
|  844  | 61.33366960496169  |  4.96303319813655  | 56.37063692533053  |
|  845  | 60.889328014667214 | 4.994610712491549  | 55.89471663254958  |
|  846  |  60.7643207820012  | 4.9340012110196625 | 55.83031992046649  |
|  847  | 61.21494957322341  |  4.95668978705773  | 56.258259122408354 |
|  848  | 61.12826171170748  |  4.97460046181312  | 56.15366014685998  |
|  849  | 61.020060079721304 | 4.998082405090332  | 56.021977595402646 |
|  850  | 61.52195092069186  | 4.9931846879812385 | 56.528766068678635 |
|  851  | 61.30184058086689  | 4.916859206859882  |  56.3849817176232  |
|  852  | 61.616780341515174 | 4.948697581951435  | 56.66808312049279  |
|  853  | 60.982543834979715 | 4.931031452178955  | 56.05151259906475  |
|  854  | 61.350655928391674 | 4.934891862135667  | 56.41576400991587  |
|  855  | 61.02291839599609  | 4.946235752399151  | 56.076683603140026 |
|  856  | 60.968603776198165 | 4.925880452669584  | 56.042722710242636 |
|  857  | 60.99577494694636  | 4.926713889195369  | 56.069060328556944 |
|  858  | 61.41157753108098  | 4.9392180125896745 | 56.47235875525841  |
|  859  | 61.41016395920973  | 4.9057503568209135 | 56.50441328547551  |
|  860  | 61.01093673001803  |  4.86842345897968  | 56.14251288311298  |
|  861  | 61.452255833552435 |  4.92206871003371  | 56.53018607506385  |
|  862  | 61.03191177368164  | 4.890648509979248  | 56.14126305213341  |
|  863  | 61.18413725398137  | 4.895953272306002  | 56.288182992788464 |
|  864  | 60.74767814988356  | 4.926254374284011  | 55.82142338679387  |
|  865  | 61.05419319270207  | 4.900110529092642  | 56.15408215332031  |
|  866  | 61.43099524864784  | 4.921491582430326  | 56.509503568209134 |
|  867  | 60.830297152005706 | 4.906671246748704  | 55.92362641789363  |
|  868  | 61.055758213923525 | 4.898281340965858  | 56.15747712120643  |
|  869  | 60.85677298443134  | 4.893419406890869  |  55.963353125939   |
|  870  | 61.09049342698317  | 4.885391152015099  | 56.205102848933294 |
|  871  | 60.92074315936749  | 4.8976424055833085 | 56.023100219726565 |
|  872  | 61.00037790855995  | 4.889112347822923  | 56.11126486910307  |
|  873  | 60.78540684391902  | 4.9036350473257215 | 55.881772038386416 |
|  874  | 60.991424330491284 | 4.881989218198336  | 56.10943461256761  |
|  875  | 60.76456292020357  | 4.8727858311579775 | 55.89177693058894  |
|  876  | 61.09917963820237  | 4.8990241194504955 | 56.20015598238432  |
|  877  | 60.60048194767879  | 4.843208873455341  | 55.75727298208383  |
|  878  | 60.69815142352764  |  4.85429090147752  | 55.843860936091495 |
|  879  | 61.526919532189005 | 4.897369631253756  | 56.62955025775616  |
|  880  | 61.028366720346305 | 4.883137849074144  | 56.14522906963642  |
|  881  | 60.680527017446664 |  4.8931648779649   | 55.787361783541165 |
|  882  | 60.65390925011268  | 4.859916942009559  | 55.793992323655345 |
|  883  |  60.6909569913424  | 4.879825212625357  | 55.811132474459136 |
|  884  | 60.87303496844952  | 4.885556498600886  | 55.98747880202073  |
|  885  | 60.93028739107572  | 4.876965599060059  | 56.05332192993164  |
|  886  | 60.842950798621544 | 4.858851068936861  | 55.98410005540114  |
|  887  | 61.011979574350214 | 4.895450697385348  | 56.11652880859375  |
|  888  | 61.06773074575571  | 4.862463601039006  | 56.20526763211764  |
|  889  | 60.980148735633264 | 4.867998063307542  | 56.11214994225135  |
|  890  | 60.95882669302134  | 4.8714284623953015 | 56.08739803138146  |
|  891  | 60.78651882230319  | 4.866691764538105  | 55.91982688316932  |
|  892  | 60.82519962252103  | 4.859031216841478  | 55.96616856736403  |
|  893  | 61.060054995023286 | 4.886333624619704  | 56.17372133460412  |
|  894  | 60.89733770986704  | 4.881009977487417  | 56.01632717895508  |
|  895  | 60.567403393085186 | 4.888642527653621  |  55.6787607797476  |
|  896  | 60.55515587439904  | 4.850594647040734  | 55.70456068772536  |
|  897  | 61.467583866999696 | 4.874193362602821  | 56.593389622614936 |
|  898  | 61.11753646146334  |  4.86605929682805  |  56.2514773066594  |
|  899  | 60.790969719519985 | 4.871316714653602  | 55.91965232731746  |
|  900  | 61.000708681546726 | 4.853140267005333  | 56.14756894859901  |
|  901  | 61.10158149601863  | 4.8867734430753265 | 56.21480850454477  |
|  902  |  61.128614455003   | 4.910097613701454  | 56.21851668607272  |
|  903  | 61.05716807204026  | 4.867875671680157  | 56.18929192176232  |
|  904  | 60.70973642906776  | 4.8879697934664215 | 55.82176608511118  |
|  905  | 60.912936884953425 | 4.866649399390587  | 56.04628741924579  |
|  906  | 60.856718139648436 | 4.871046868837797  | 55.98567110032302  |
|  907  | 60.95201785982572  | 4.867394334059496  | 56.08462266188401  |
|  908  | 60.997216503436746 | 4.872037608806903  | 56.12517848322942  |
|  909  |  60.9110809748723  | 4.896346665015588  | 56.01473390080378  |
|  910  | 60.53089578716572  | 4.893391320448655  | 55.637504800649786 |
|  911  | 60.803721224271335 | 4.914915553459754  | 55.88880633544922  |
|  912  | 60.59122473379282  | 4.9350609981830305 | 55.656164184570315 |
|  913  | 60.662807621882514 | 4.909583920112023  | 55.75322396146334  |
|  914  | 60.719944699800934 | 4.925556900024414  | 55.794387021578274 |
|  915  | 60.856271317702074 | 4.894085171626164  | 55.96218525343675  |
|  916  | 60.59412421593299  | 4.890990779289832  | 55.703133328951324 |
|  917  | 61.253888826810396 | 4.893665133256179  | 56.36022337928185  |
|  918  | 60.89260711669922  | 4.890359322474553  | 56.002247265155496 |
|  919  | 61.08607294640174  |  4.89375239944458  | 56.192320819561296 |
|  920  | 61.33508583655724  | 4.867375520852896  | 56.46771038348858  |
|  921  | 61.26854918729342  |  4.87522330562885  | 56.39332580331656  |
|  922  | 60.902140693077676 | 4.883400739229643  | 56.01873988694411  |
|  923  | 61.578998638446514 | 4.8598090315598705 | 56.71918890380859  |
|  924  | 60.892124051607574 | 4.906836219494159  | 55.98528819861779  |
|  925  | 60.88933233173077  | 4.914326105851393  | 55.97500518329327  |
|  926  | 61.116705434945914 | 4.9096284558222845 | 56.20707766019381  |
|  927  | 60.94359345186674  |  4.91053044803326  | 56.033061899038465 |
|  928  |  60.5384903916579  | 4.889884491553674  |  55.6486062903771  |
|  929  | 60.58025199538011  |  4.91120824432373  | 55.669044320913464 |
|  930  | 61.204105975811295 | 4.894025229820838  | 56.31008135751578  |
|  931  | 61.35311233990009  |  4.89348524915255  |  56.4596267958421  |
|  932  | 60.978871657151444 | 4.933289521143987  | 56.04558176363432  |
|  933  | 60.72907692542443  | 4.929239573845496  | 55.799837275578426 |
|  934  | 61.245775665283205 | 4.933771610553448  |  56.3120039461576  |
|  935  | 60.678086951622596 | 4.863018401512733  | 55.81506865046575  |
|  936  | 61.27644158466045  | 4.889942171243521  | 56.38649954223633  |
|  937  | 60.85650117844801  | 4.897958143380972  | 55.95854394061749  |
|  938  | 60.786978194016676 |  4.91199218251155  | 55.87498615206205  |
|  939  | 61.29052987670899  | 4.876312553992638  | 56.41421833449144  |
|  940  | 61.229576279860275 | 4.834491620283861  | 56.39508582481971  |
|  941  | 60.82547791466346  | 4.8338161582946775 | 55.99166090979943  |
|  942  | 61.304666447566106 | 4.9030115682161775 | 56.401654874361476 |
|  943  |  61.0574912508451  | 4.860627753037673  | 56.19686327890249  |
|  944  | 60.955764981783354 | 4.868523278163029  | 56.087240638146035 |
|  945  | 60.95143961275541  | 4.871603618915264  | 56.07983634831355  |
|  946  | 60.91706684758113  | 4.862057576399583  | 56.05500900503305  |
|  947  | 61.040341566819414 | 4.859175565866324  |  56.1811664452186  |
|  948  | 60.42472068199745  | 4.845498419248141  | 55.57922250835712  |
|  949  | 61.05474876990685  | 4.8491214335514945 | 56.20562857759916  |
|  950  | 60.596311525785005 | 4.853218000265268  | 55.74309344951923  |
|  951  | 61.030484447772686 | 4.823373937753531  | 56.20711042668269  |
|  952  | 61.06461826500526  | 4.813671163118802  | 56.250948498065654 |
|  953  | 60.55905332359901  | 4.898307152087872  | 55.660745978722204 |
|  954  | 60.61391217980018  | 4.868231792156513  | 55.745680880033056 |
|  955  | 60.561370774489184 | 4.820098967625545  | 55.74127131770207  |
|  956  | 60.62244489699144  | 4.827907405559833  | 55.794539069542516 |
|  957  |  61.1039516014686  | 4.872950584411621  | 56.23100145545373  |
|  958  | 61.06364626605694  | 4.840900549375094  | 56.22274479323167  |
|  959  | 60.85389879432091  | 4.809275611584003  | 56.04462274169922  |
|  960  | 60.653368387075574 | 4.855094187809871  | 55.79827464177058  |
|  961  | 60.56273188899114  | 4.822130596160888  | 55.740601492074816 |
|  962  |  60.8660639061561  |  4.82866462120643  | 56.037399674635665 |
|  963  | 60.86854294996995  | 4.844196326916034  | 56.02434666794997  |
|  964  | 60.92873332331731  | 4.888406326587384  | 56.04032727520283  |
|  965  | 60.86194174663837  | 4.837720956949087  | 56.02422143554688  |
|  966  | 60.79017292433519  | 4.839604172046368  | 55.95056848848783  |
|  967  | 60.45424576040415  | 4.791526593134954  | 55.66271901057317  |
|  968  | 60.58889309927133  |  4.84999962909405  | 55.73889309457632  |
|  969  |  60.4203320688101  | 4.843339757479154  | 55.57699294339694  |
|  970  | 60.510615548940805 | 4.834257975064792  | 55.676358208289514 |
|  971  | 60.57141782085712  | 4.832996410369873  | 55.73842095243014  |
|  972  | 60.70521465125451  | 4.815750194549561  | 55.88946510901818  |
|  973  | 61.12644919527494  | 4.839506574484018  | 56.28694184523362  |
|  974  | 61.21605847167969  | 4.822905920468844  | 56.39315170288086  |
|  975  | 61.130445889986476 | 4.853977147322435  | 56.27646858567458  |
|  976  | 60.47696727576623  | 4.8439915172870345 | 55.63297580660306  |
|  977  | 60.76601004732572  | 4.817853281754714  | 55.94815640963041  |
|  978  | 60.21089814406175  | 4.8340636147719165 | 55.37683448439378  |
|  979  | 60.97289407348633  | 4.843726748246413  | 56.12916810255784  |
|  980  | 60.996615213247445 | 4.8335777135995714 | 56.163036771334134 |
|  981  | 60.16752176372822  | 4.863767058152419  | 55.303755223200874 |
|  982  | 60.56372876680814  | 4.838536245786226  | 55.72519213632437  |
|  983  | 61.043286731426534 | 4.847375330118033  | 56.19591154597356  |
|  984  | 60.88470970505934  | 4.876414997687706  | 56.008294743464546 |
|  985  | 60.76834205510066  | 4.847691824986384  | 55.92065068641076  |
|  986  | 60.77755857496995  | 4.833945393195519  | 55.94361280705379  |
|  987  | 61.06329836566631  | 4.908273300757775  | 56.15502557373047  |
|  988  | 61.055842965932996 | 4.866270090543307  | 56.18957342059796  |
|  989  | 60.74935513305664  | 4.903727802276611  | 55.845628108097955 |
|  990  | 60.46596557851938  |  4.90054904116117  | 55.565416900634766 |
|  991  | 61.19855693406325  | 4.890845324589656  | 56.307712439903845 |
|  992  | 60.965985572228064 | 4.951400424957275  | 56.01458450317383  |
|  993  | 60.45584499183068  | 4.894846847240742  | 55.56099775343675  |
|  994  | 61.09936770160382  | 4.923732069162222  | 56.17563635019155  |
|  995  | 61.10881382634089  | 4.876587460444524  | 56.232227008526145 |
|  996  | 60.514635735144985 | 4.863782391474797  | 55.65085267991286  |
|  997  | 60.96005553260216  | 4.8702909974318285 | 56.08976372117262  |
|  998  | 60.74975342501127  | 4.857398413438063  | 55.89235505089393  |
|  999  | 60.496248366135816 | 4.873961866232065  | 55.62228619150015  |
|  1000 | 61.05415622887244  | 4.834819848867563  | 56.21933650090144  |
+-------+--------------------+--------------------+--------------------+