+-------+--------------------+--------------------+--------------------+
| Epoch |     total_loss     |      dt_loss       |     type_loss      |
+-------+--------------------+--------------------+--------------------+
|   1   | 98.73914188482823  | 17.206082276564377 | 81.53306151561247  |
|   2   | 97.15137598282251  | 16.96474281311035  | 80.18662544446114  |
|   3   | 98.22638607709835  | 16.88562513302534  | 81.34075932429387  |
|   4   | 98.06779564490685  | 16.641531868959085 |  81.4262599612505  |
|   5   | 98.08516578869941  | 16.475546270517203 | 81.60962242713342  |
|   6   | 97.81196116129557  | 16.467578244331555 | 81.34437900641025  |
|   7   | 97.55148957863832  | 16.306070740528597 | 81.24542064960187  |
|   8   |  96.4713960539989  | 16.218905399029072 | 80.25249737861829  |
|   9   | 99.44518459222256  | 16.062603273636256 | 83.38257452549078  |
|   10  | 97.67955503023587  | 16.054622298020583 |   81.62493554531   |
|   11  | 98.82387923803086  | 16.056957809252616 | 82.76692741198417  |
|   12  | 95.80520863068409  | 16.08095807002141  | 79.72424483861678  |
|   13  | 97.33342959672977  | 16.040945064838116 | 81.29248381785857  |
|   14  | 96.34169578356621  | 15.98556776584723  |  80.3561330472506  |
|   15  | 97.33232711400741  | 15.986592901180952 | 81.34572925274189  |
|   16  | 98.15532797788963  | 15.91084749270708  | 82.24448379907852  |
|   17  | 97.95311006986178  | 15.925313229683118 | 82.02780518360628  |
|   18  | 95.01739901811649  | 15.923221610631698 | 79.09417354485927  |
|   19  | 95.34003993890224  | 15.885768936352852 |  79.4542752701197  |
|   20  | 95.64320159129608  | 15.858773305844037 | 79.78442692683294  |
|   21  | 94.76366686698718  | 15.834488869691507 | 78.92917499248799  |
|   22  | 94.99832510141226  | 15.859006664569561 | 79.13931924673227  |
|   23  | 97.53021842760917  | 15.818623533982498 | 81.71159761086489  |
|   24  | 94.79575134277344  | 15.783476803119367 | 79.01227294139373  |
|   25  | 96.44071638840896  | 15.737799951602252 |  80.7029151955629  |
|   26  | 96.07863591903295  | 15.79529575152275  | 80.28334052452674  |
|   27  | 96.33793924184945  | 15.729454933557754 | 80.60848135141227  |
|   28  | 95.83160192245091  | 15.75318969530937  | 80.07840912647737  |
|   29  | 96.63732353797326  | 15.745367364149827 | 80.89195319542517  |
|   30  | 95.72578393398187  | 15.788490871527257 | 79.93729141626602  |
|   31  | 94.23733137081831  | 15.733803698221843 | 78.50353394337189  |
|   32  | 95.53736297607422  | 15.711475285261105 | 79.82589396158855  |
|   33  |  96.1796580074995  | 15.740427600175906 | 80.43922087058043  |
|   34  | 93.93701259515224  | 15.747943653204501 | 78.18907447228065  |
|   35  | 94.64446711613581  | 15.674485522539188 | 78.96998319185697  |
|   36  | 95.87135749230018  | 15.661714011950371 | 80.20963666084485  |
|   37  | 94.97215718587239  | 15.721370681371445 | 79.25078006842197  |
|   38  | 94.67071079351963  | 15.674789002247346 | 78.99592109875802  |
|   39  | 94.98958626771585  | 15.645546649052546 | 79.34404166979668  |
|   40  | 93.88064475817558  | 15.630172986739721 | 78.25047160613231  |
|   41  |  95.0640666394356  | 15.54986712137858  |  79.5141974189954  |
|   42  | 95.46331603221404  | 15.607448543646397 | 79.85586503248949  |
|   43  | 92.48120394975712  | 15.568567590958033 | 76.91263535719652  |
|   44  | 94.63200836964143  | 15.57025130834335  | 79.06176168588492  |
|   45  | 93.65520232371794  | 15.589335095332219 | 78.06586999355218  |
|   46  | 95.36104020338792  | 15.561320113157615 | 79.79972264216497  |
|   47  | 92.15548469739082  | 15.520074341602815 | 76.63541266808143  |
|   48  | 94.10669212928185  | 15.462878375909268 | 78.64381549541767  |
|   49  | 92.59308552277393  | 15.545262516706417 | 77.04782014504457  |
|   50  | 93.86889272836538  | 15.455696378854604 | 78.41319580078125  |
|   51  | 93.27525632418119  | 15.424868467282026 | 77.85038814446865  |
|   52  |  92.8804276921199  | 15.418939060308995 | 77.46148300562149  |
|   53  | 93.49960946890025  | 15.417563063792693 | 78.08204950577174  |
|   54  | 94.89443932948969  | 15.343946014795549 | 79.55048497126653  |
|   55  | 92.89166190122947  | 15.376776496691582 | 77.51488530868139  |
|   56  | 92.28586030617738  | 15.403950757735815 | 76.88191050211589  |
|   57  | 91.68614317282652  | 15.400716957679162 | 76.28542311448318  |
|   58  | 92.27306303366636  | 15.284764316265399 |  76.9883006247496  |
|   59  | 92.87629845252404  | 15.299903950813489 | 77.57639202411359  |
|   60  | 92.38597606952374  | 15.38014536344088  | 77.00582686986678  |
|   61  | 92.22671223175831  | 15.31287621229123  | 76.91384681897286  |
|   62  | 91.26566442245093  |  15.3333843651796  | 75.93228141589043  |
|   63  | 91.47600728352865  | 15.343253396841195 | 76.13275631635616  |
|   64  | 90.76121531951122  | 15.309103173475998 | 75.45210597111628  |
|   65  | 89.38249157245343  | 15.246592717292982 |  74.1359012153821  |
|   66  | 92.28802098200872  | 15.181701153486204 | 77.10631279578575  |
|   67  |  90.7699274229392  | 15.188348188155736 | 75.58157487135666  |
|   68  | 91.07245407495743  | 15.164430975302672 | 75.90802436241736  |
|   69  | 90.28567349947416  | 15.132684458219089 | 75.15298899332683  |
|   70  |  91.0734756626227  | 15.284308195847732 | 75.78917399871044  |
|   71  | 88.40405455760467  | 15.151876172774877 | 73.25217771872497  |
|   72  | 89.71259393154047  | 15.203196723155486 | 74.50939827943459  |
|   73  |  89.2393353114984  | 15.160904955741687 |  74.0784276169997  |
|   74  | 90.05789478008563  | 15.135985098618727 |  74.9219085145608  |
|   75  | 91.30743778326573  | 15.104359495700933 | 76.20307714217748  |
|   76  | 87.50533721923829  | 15.057127163226788 | 72.44820252247345  |
|   77  |  88.4916416031275  | 15.122323721861228 | 73.36931668795071  |
|   78  | 88.70862560565655  | 15.085953373053135 | 73.62266279171675  |
|   79  | 87.45331949869792  | 15.044303095890925 |  72.4090159020057  |
|   80  |  88.5229318706806  | 15.098157183329265 | 73.42477475679837  |
|   81  | 87.94025166829427  | 14.941998295906263 | 72.99825272780198  |
|   82  | 88.60345189021184  | 15.020424485817934 | 73.58303212483725  |
|   83  |  88.8209409351838  | 15.009404997214293 | 73.81153674785908  |
|   84  | 87.78822649050981  | 15.059484031872872 | 72.72874837239583  |
|   85  | 87.96956521841196  | 14.886779631590231 | 73.08278684958434  |
|   86  | 86.23365943321815  | 14.979603963998647 | 71.25405666253505  |
|   87  | 88.94478905310997  | 14.91908767406757  | 74.02570354755107  |
|   88  | 87.15944174742087  | 14.980016707395896 | 72.17942720853365  |
|   89  | 86.12197955791767  | 14.967736096504407 | 71.15424708439754  |
|   90  | 87.19163182967749  | 14.935205521216758 |  72.2564256638747  |
|   91  | 87.16243639823718  | 14.887853354429588 | 72.27457541441306  |
|   92  | 85.86696080134465  | 14.832875853318434 | 71.03408504388271  |
|   93  | 87.02536859756862  | 14.903334168654222 | 72.12203171167619  |
|   94  | 85.93918485983824  | 14.784842632000263 | 71.15434215839093  |
|   95  |  86.5698183186849  | 14.794210483844463 | 71.77561219826723  |
|   96  | 85.60522903051132  |  14.7423920020079  | 70.86283516908303  |
|   97  | 85.27982814691006  | 14.839095151852339 | 70.44073690561147  |
|   98  | 85.61865101349659  | 14.784831610459548 | 70.83382638784555  |
|   99  | 86.09990303235176  | 14.766376158885468 | 71.33352556277543  |
|  100  | 84.94603168976613  | 14.726598766033465 | 70.21943540132963  |
|  101  | 84.92616255540115  | 14.690826069758488 | 70.23533638978616  |
|  102  |  84.8541540996845  | 14.692167182335487 | 70.16199373685397  |
|  103  | 84.39203276805388  | 14.625392258472932 | 69.76664041372446  |
|  104  | 85.53876036815154  | 14.558728843102088 | 70.98003624549278  |
|  105  | 85.10936508569962  | 14.699146555387056 | 70.41021447597406  |
|  106  |  84.5177889858148  | 14.628669698666304 | 69.88911361303084  |
|  107  |  84.2640971491887  | 14.52655979645558  | 69.73753554124099  |
|  108  | 82.05272068903996  | 14.513753159351838 |  67.5389709394406  |
|  109  | 83.91140167236328  | 14.54701526544033  | 69.36438349797176  |
|  110  | 84.54430023975861  | 14.583468903761643 | 69.96082542223809  |
|  111  | 84.67503090882913  | 14.442842080531976 | 70.23218992575622  |
|  112  | 83.85894546117538  | 14.422978758200621 | 69.43596920698117  |
|  113  | 84.58343654534755  | 14.607167899302947 | 69.97626857659756  |
|  114  | 81.85550632574619  | 14.57473699814234  | 67.28076556083484  |
|  115  | 82.94079482640976  | 14.515558801308657 | 68.42523056421524  |
|  116  | 83.28649040809044  | 14.524027962317833 | 68.76245541303585  |
|  117  | 82.95406544220754  | 14.432417127169096 | 68.52164190047827  |
|  118  | 82.32826506003356  | 14.547570335192558 | 67.78070054274339  |
|  119  | 83.68822170942258  | 14.412376504555727 | 69.27584604116586  |
|  120  | 83.81372362185748  | 14.483462553757887 |  69.3302664810572  |
|  121  |  82.6651677762545  | 14.406194385626376 | 68.25896967178736  |
|  122  | 82.49943102714343  | 14.341073136940981 | 68.15835667536808  |
|  123  | 82.33718368921524  | 14.403362488379845 | 67.93381864890074  |
|  124  | 83.25129227075821  | 14.398569008264786 | 68.85272331042168  |
|  125  | 82.50141071026142  | 14.423671911190718 |  68.0777345315004  |
|  126  | 82.73478427984776  | 14.36308985685691  | 68.37168662829276  |
|  127  | 82.32529377472706  | 14.400900234320225 | 67.92439590062851  |
|  128  | 81.48822758601263  | 14.352201826633552 | 67.13602883363382  |
|  129  | 82.18973682892629  | 14.340510715582433 | 67.84923224033453  |
|  130  | 80.27211596366686  | 14.292828540312938 | 65.97928525484525  |
|  131  | 80.72786341740535  | 14.38349219102126  | 66.34436931903545  |
|  132  | 80.80817931346404  | 14.395079846504407 | 66.41309283916767  |
|  133  | 81.35426143548428  | 14.302534537682167 | 67.05172217735877  |
|  134  | 80.09448453463041  | 14.360022456829364 | 65.73446253067408  |
|  135  | 81.18181855813052  | 14.267984414711977 | 66.91383760109926  |
|  136  | 80.67499565711388  | 14.373668489700709 |  66.3013303160056  |
|  137  | 81.21841941637871  | 14.363131324572441 | 66.85529042561849  |
|  138  | 80.61481879601112  | 14.35668186187744  | 66.25813438219902  |
|  139  | 81.28528288229919  | 14.356046076065455 | 66.92924274151142  |
|  140  | 81.48518459222255  | 14.29219989483173  |  67.1929770679963  |
|  141  | 80.85985450940254  | 14.242750071990184 |  66.6170971914438  |
|  142  | 78.89620761186649  | 14.248639550820375 | 64.64757161458333  |
|  143  | 79.49400508782803  | 14.284149253062713 | 65.20985807761168  |
|  144  | 78.77769309801933  | 14.28063594133426  | 64.49705224452875  |
|  145  | 79.60945389967698  | 14.322497637822078 | 65.28695318760016  |
|  146  | 80.46300446339143  | 14.397656342922113 | 66.06534294715294  |
|  147  | 79.86679837740385  | 14.180219066326435 | 65.68657041892027  |
|  148  | 79.76967282808744  | 14.299071511488695 | 65.47060167361528  |
|  149  | 79.92855532132663  | 14.236344489073142 | 65.69221204708784  |
|  150  | 79.93947159204727  | 14.324183338849972 | 65.61528498722957  |
|  151  | 79.76640035775992  | 14.226064036442683 | 65.54034073267228  |
|  152  | 80.48062217516777  | 14.339952667431954 |  66.1406716762445  |
|  153  | 78.72401310064853  | 14.281074216793744 | 64.44293928879958  |
|  154  | 78.83292016445063  | 14.28617587162898  |  64.5467453902807  |
|  155  | 77.44109594100561  | 14.295481244600737 | 63.14562041845077  |
|  156  | 79.17358134734324  | 14.21445375589224  | 64.95912883269482  |
|  157  | 78.25842900202825  | 14.22151723030286  | 64.03691105769231  |
|  158  | 80.16593723394932  | 14.279734904949482 | 65.88620256864108  |
|  159  |  80.2937121503781  | 14.272914438492213 | 66.02080143072666  |
|  160  | 78.33607033754006  | 14.203164466466658 | 64.13290823129508  |
|  161  | 78.47582479623648  | 14.240913268847343 |  64.2349141751803  |
|  162  | 78.49188071226462  | 14.245273189055615 | 64.24661405514448  |
|  163  |  77.6956697669396  | 14.292136095487155 | 63.40353276570638  |
|  164  | 79.37988023024339  | 14.196851920103416 | 65.18303312643981  |
|  165  | 78.35455655611479  | 14.241654687539125 | 64.11290422879732  |
|  166  | 78.56862827398838  | 14.243691729032076 | 64.32493463760767  |
|  167  | 76.80107608892979  | 14.289540993128067 | 62.51153645442082  |
|  168  | 78.39255975185297  | 14.28321903130947  | 64.10934362949469  |
|  169  |  77.8058840629382  | 14.273071048443134 | 63.53281642424755  |
|  170  |  77.6745099189954  | 14.220339831816844 | 63.454172042455426 |
|  171  | 79.11572861891527  | 14.248636293655787 | 64.86709077492739  |
|  172  | 77.98695886073968  | 14.258318234957182 | 63.728637429261816 |
|  173  | 78.34133945562901  | 14.184603507213103 | 64.15673961932842  |
|  174  | 77.83132595746945  | 14.259951324462891 | 63.571373823116986 |
|  175  | 78.81198651436047  | 14.183936512286847 | 64.62804513784555  |
|  176  |  77.534757033128   | 14.208788818946251 |  63.3259712884365  |
|  177  | 78.85137018448268  | 14.208469073955829 | 64.64289498353615  |
|  178  | 77.87775633200621  | 14.199444812872471 | 63.678308993608525 |
|  179  | 79.00575623341096  | 14.22693196712396  | 64.77882219363481  |
|  180  | 78.05206728421724  | 14.31364977714343  | 63.73841750707382  |
|  181  |  77.5544942533053  | 14.234347879458696 | 63.32014530279697  |
|  182  | 78.06706279265575  | 14.257299484839805 | 63.80976335574419  |
|  183  | 77.14657631898538  | 14.256343041444437 | 62.89023699638171  |
|  184  | 76.21863911164112  | 14.302057815943009 | 61.91658341627855  |
|  185  | 76.77379047882863  | 14.322726963727902 | 62.451065161289314 |
|  186  | 77.76928518442007  | 14.261214234767817 | 63.508069591033156 |
|  187  | 75.78673488519131  | 14.206549463516627 | 61.580183610182544 |
|  188  | 79.73379618326823  | 14.19796578725179  | 65.53582703419221  |
|  189  | 77.90077612461188  | 14.219060636667106 | 63.68170931302584  |
|  190  | 77.10223986503405  | 14.163270329206417 | 62.938965555826826 |
|  191  |  77.4105822675656  | 14.195886326325246 | 63.214694033891725 |
|  192  | 76.25318170792018  | 14.276973869128105 | 61.976209650284204 |
|  193  | 78.55158480913211  | 14.264106192955603 | 64.28747801951873  |
|  194  | 77.08394447522285  | 14.18704416617369  | 62.89690185938126  |
|  195  | 77.89161092904898  | 14.15450389275184  |  63.7371067966559  |
|  196  | 78.34605892083584  | 14.220497467823517 | 64.12555694580078  |
|  197  | 77.86778049566807  | 14.222563841404058 | 63.64521620139097  |
|  198  | 76.94846599872295  | 14.181226436908428 | 62.76724397316957  |
|  199  | 78.32913261217949  | 14.161584743597569 | 64.16755173120742  |
|  200  |  78.0142690257537  | 14.217239002325597 | 63.79702380058093  |
|  201  | 77.12358838986128  | 14.175340886238294 | 62.948243545140976 |
|  202  |  75.453701171875   | 14.197634382981521 | 61.25606447660006  |
|  203  | 76.67810928735977  | 14.143137553288387 | 62.534974643022586 |
|  204  | 77.38500244140624  | 14.256270432105431 | 63.12873668181591  |
|  205  | 76.48241883889223  | 14.25853409791604  | 62.22388214111328  |
|  206  | 78.16675767947466  | 14.24254104125194  | 63.92421659029447  |
|  207  | 78.39073755508814  | 14.201005751780974 | 64.18973139836238  |
|  208  | 76.07380645751954  | 14.188031065525152 | 61.885770314534504 |
|  209  | 79.76110472067809  | 14.150010805374537 | 65.61109236497146  |
|  210  | 76.21249549278846  | 14.282348461640186 | 61.93015220446464  |
|  211  | 77.10557106213692  | 14.238373692830404 | 62.86720027825771  |
|  212  | 76.03906692896133  | 14.241402696462778 | 61.79766137147561  |
|  213  | 77.86112514398037  | 14.203066673278808 | 63.65806183252579  |
|  214  | 76.93075889391777  | 14.202423134828225 | 62.72833525828826  |
|  215  | 77.06512095915966  | 14.220128601269844 | 62.84499371650892  |
|  216  | 77.45038060114933  | 14.164318748865371 | 63.28606130355444  |
|  217  | 76.38227043738732  | 14.122669144654886 | 62.25959812262119  |
|  218  | 74.71721114721053  | 14.222293109404735 | 60.494918490678835 |
|  219  | 77.19030882224058  |  14.1739641893827  | 63.01634165445964  |
|  220  | 76.01029681083483  | 14.273472527724046 | 61.73682042048527  |
|  221  |  76.3397201929337  | 14.150081128829564 | 62.189645143166565 |
|  222  |  78.605244923127   | 14.23344526731051  | 64.37179638984875  |
|  223  | 75.81819771791116  | 14.197999405494103 | 61.62020367744641  |
|  224  | 76.64698552058293  | 14.196382903074607 | 62.450602260491785 |
|  225  | 78.54954275277944  | 14.212702197539501 | 64.33683838673127  |
|  226  |  77.3670200367463  | 14.280750619937212 | 63.086267653245194 |
|  227  | 75.45142536652394  | 14.141530261895596 | 61.309892840263174 |
|  228  | 75.58915045322516  | 14.203865829859025 | 61.385279998779296 |
|  229  | 76.95182418431992  |  14.2554543646788  | 62.69637680444962  |
|  230  | 76.62676857190255  | 14.171102776160607 | 62.455669802152194 |
|  231  | 76.33367256360177  | 14.20637519738613  | 62.12729903392302  |
|  232  | 76.42119045159755  | 14.185033726814465 | 62.23615908500476  |
|  233  |  77.7579734763121  | 14.193992893512432 | 63.563980321639626 |
|  234  | 75.34599904378256  | 14.185402346880007 | 61.160604134584084 |
|  235  | 76.40896271534456  | 14.280285181876941 | 62.128678487141926 |
|  236  | 75.95185056246244  | 14.213754626543095 | 61.738094028570714 |
|  237  | 75.98921213785808  | 14.253732158954326 | 61.73548198210887  |
|  238  | 76.91463443071414  | 14.223846177321214 | 62.69079106648763  |
|  239  | 76.25523718418219  | 14.191207401569073 | 62.064024896866236 |
|  240  | 76.11780444805439  | 14.204425103603265 | 61.91337471986428  |
|  241  | 76.89313600980319  | 14.245546809465457 | 62.647591869647684 |
|  242  | 77.22915682279147  | 14.284116517091409 |  62.9450378496219  |
|  243  | 76.11467112223308  | 14.188017221108462 | 61.92665023021209  |
|  244  | 77.45138537284656  | 14.137510359348395 | 63.31387496556991  |
|  245  | 76.57988755446213  | 14.197667433909881 | 62.38221459021935  |
|  246  | 76.14630959535256  | 14.208293137183556 | 61.93801538711939  |
|  247  | 75.81516460712139  | 14.210236890743941 | 61.60492440248147  |
|  248  |  75.7476741771209  | 14.195755457755848 |  61.5519186714368  |
|  249  |  76.9195075401893  | 14.190588928613908 | 62.72891620342548  |
|  250  | 76.16998729216746  | 14.189849748855982 | 61.980139594444864 |
|  251  | 76.78320912679037  | 14.270887081439678 | 62.51232314280975  |
|  252  | 76.97068102714343  | 14.10766427162366  | 62.86302092723357  |
|  253  | 77.26619473970854  | 14.239115934127417 | 63.02707735110552  |
|  254  | 76.38731473482572  | 14.209098085256723 | 62.17821569589468  |
|  255  | 76.77860026824169  | 14.234422205411471 | 62.54418023133889  |
|  256  | 76.74543029002655  | 14.19747287848057  | 62.54795640994341  |
|  257  | 77.50087793594751  | 14.22130390754113  | 63.27957257393079  |
|  258  |  76.8763757402469  | 14.223424233656663 | 62.65295637081831  |
|  259  | 78.24429552127154  | 14.26685747880202  | 63.977437493739984 |
|  260  | 76.10669604179186  | 14.138200255173903 | 61.96849650065104  |
|  261  | 76.04962166810647  | 14.142043796441493 | 61.90757501064203  |
|  262  | 76.56134339161409  | 14.232494210463305 | 62.32885485526843  |
|  263  | 77.03421528351613  | 14.211114457937388 | 62.82309584397536  |
|  264  | 76.54229918651092  | 14.116456651932154 | 62.42584088839018  |
|  265  | 76.80079618013822  | 14.18745085789607  | 62.61334415533604  |
|  266  | 77.24071393135266  | 14.267769145476512 | 62.972943166097004 |
|  267  |  77.1486729705028  | 14.239340755756086 | 62.90933130900065  |
|  268  | 75.31779623960837  | 14.148065142509266 |  61.1697312888121  |
|  269  | 77.80828263502855  | 14.181338994930952 | 63.62694368802584  |
|  270  | 76.18006403996394  | 14.141286745315943 | 62.03877512613932  |
|  271  | 75.83230410844851  | 14.284434899550218 | 61.54786835108048  |
|  272  | 77.90420977470203  | 14.238035952250163 | 63.66616924579327  |
|  273  | 77.15415849734575  | 14.308969482030625 | 62.84518660716522  |
|  274  | 77.20771118164062  | 14.239359834133051 | 62.96835661668044  |
|  275  | 75.57569768661108  | 14.25185971675775  | 61.32384223742363  |
|  276  | 76.30257802327473  | 14.124096262027056 | 62.17847649207482  |
|  277  | 76.40600063226162  | 14.260902257087903 | 62.14509992550581  |
|  278  | 77.95293852194762  | 14.201898364531688 | 63.75103910788511  |
|  279  | 76.91647275484526  |  14.2419584274292  | 62.674517188439005 |
|  280  | 75.42206325433193  | 14.204638530046513 | 61.21741824027819  |
|  281  | 77.66916568853917  | 14.263445973518568 | 63.40571797297551  |
|  282  | 76.66149810791016  | 14.218273200988769 | 62.44322273841271  |
|  283  | 76.62244047507262  | 14.136726225828513 | 62.485717014410554 |
|  284  | 76.01624436598557  | 14.205207752325595 | 61.81104002341246  |
|  285  | 77.15723134358724  | 14.259840680635893 | 62.89738775400015  |
|  286  | 77.76806045140975  | 14.263188469715608 | 63.504870026417265 |
|  287  | 76.18870362110627  | 14.167431735503367 | 62.02126912043645  |
|  288  | 76.39532814221505  | 14.26884761321239  | 62.126482841296074 |
|  289  | 77.38149400759966  | 14.25708295088548  | 63.124408600636016 |
|  290  | 76.97488343067658  | 14.100583048111353 | 62.87429928510617  |
|  291  |  75.9708016420022  | 14.130245232215294 | 61.840562227689304 |
|  292  | 76.87683670435196  | 14.161791686033592 | 62.715046664506964 |
|  293  | 75.85734659048227  | 14.228585722507574 | 61.62876060681465  |
|  294  | 75.96524261474609  | 14.218799289801181 | 61.74643900944636  |
|  295  |  76.8109608968099  | 14.171829854525052 | 62.639128969632665 |
|  296  | 77.08971006735777  | 14.243048664973333 | 62.84666130652794  |
|  297  | 75.99128365541115  | 14.199141387939454 | 61.79214026426658  |
|  298  |  76.503885936248   | 14.134137369791667 | 62.369743941869494 |
|  299  |  77.003092972193   | 14.182182520352876 | 62.82090799576197  |
|  300  | 75.68600192338992  | 14.170889147244967 | 61.515113873604015 |
|  301  |  75.1155256222456  | 14.148665296114409 | 60.96685810969426  |
|  302  | 75.40531881479117  | 14.12730148217617  | 61.27801516410632  |
|  303  | 77.35155423677885  | 14.230457626734024 | 63.12109279534756  |
|  304  | 76.46685408372146  | 14.18502632238926  | 62.28183283879207  |
|  305  | 77.28016307341747  | 14.232673529600486 | 63.04748713566707  |
|  306  | 76.79442934476413  | 14.253223504286545 | 62.54120829655574  |
|  307  | 75.03205181415264  |  14.2242573146331  | 60.80779094598232  |
|  308  | 75.71398612780449  | 14.284936588972043 | 61.429049991705476 |
|  309  | 78.31426647479718  | 14.158798086704351 | 64.15546748234675  |
|  310  | 76.09128961025141  | 14.232796172117576 | 61.85849670410156  |
|  311  | 76.66075689853766  | 14.099909483102651 | 62.56085006322616  |
|  312  | 75.18808567144931  | 14.115199045034556 | 61.07288443149665  |
|  313  | 75.82535088172325  | 14.192650868342472 | 61.632700919126854 |
|  314  |  75.8983801973783  | 14.275446418370956 |  61.6229367574056  |
|  315  | 75.35781069242037  | 14.248810698680389 | 61.109000803629556 |
|  316  | 75.48371204865285  | 14.191217605395195 | 61.292495801876754 |
|  317  | 75.64050399389022  | 14.210791771717561 | 61.42971458239433  |
|  318  |  75.382763280624   | 14.229734339591785 | 61.15302195622371  |
|  319  | 76.77680117876102  | 14.119024328574156 | 62.657779114552035 |
|  320  | 75.82294813107221  | 14.19827342008933  | 61.62467254247421  |
|  321  | 75.15623806684445  | 14.195310249328614 | 60.960930465306994 |
|  322  | 74.89290654891576  | 14.180614774655073 | 60.71229348989633  |
|  323  | 76.09872341840695  | 14.218204801510542 | 61.88051721034906  |
|  324  | 76.03938586895282  | 14.236725692749024 | 61.802663895044574 |
|  325  |  75.4661713272486  | 14.210134174640363 | 61.256036603878705 |
|  326  | 75.88478647867838  | 14.211648808014699 | 61.67313876812275  |
|  327  | 75.55504047882863  | 14.182260791093876 |  61.3727754680927  |
|  328  | 74.77619232177734  | 14.23770482772436  |  60.5384869932517  |
|  329  | 75.38229350554637  | 14.177957844856458 | 61.204339619171925 |
|  330  | 75.02661019349709  | 14.166857583461663 | 60.85974939199594  |
|  331  | 75.34924724089794  | 14.25022396283272  | 61.099021727733124 |
|  332  | 76.39070413442758  | 14.181448160807292 | 62.209255973620294 |
|  333  | 73.59887102958484  | 14.165720983651967 | 59.433146135379104 |
|  334  | 74.76357853816106  | 14.21097781254695  | 60.55260001158103  |
|  335  | 73.62993971604567  | 14.182060138017704 |  59.4478758591872  |
|  336  | 75.42804534912109  | 14.128582246242425 | 61.29945692795974  |
|  337  | 73.70152664575821  | 14.100430193191919 | 59.601099313589245 |
|  338  | 75.56104713635567  | 14.166473580384865 | 61.39458099365234  |
|  339  | 73.65836416391225  | 14.189265165084448 | 59.469103053166315 |
|  340  | 74.79547353891226  | 14.188123659965319 | 60.60735128549429  |
|  341  | 74.65096193753756  | 14.14363973275209  | 60.50731441008739  |
|  342  | 74.24266867613181  | 14.170887262393267 | 60.071778861803885 |
|  343  |  76.797637892503   | 14.15468677129501  | 62.64295608129257  |
|  344  | 74.83658549773388  | 14.258311245258039 | 60.578273155016774 |
|  345  | 74.23408552120894  | 14.174427976363745 | 60.05965508876703  |
|  346  | 74.72987424410306  | 14.181724497477214 | 60.54814774342072  |
|  347  | 74.70750021910057  | 14.122081435765976 | 60.585418282533304 |
|  348  | 74.12426303961338  | 14.154168996566382 | 59.97009051591922  |
|  349  | 75.04798703707182  | 14.116895417433518 | 60.93108952057667  |
|  350  | 75.10959203475561  | 14.160142827156262 | 60.949444130139476 |
|  351  | 74.65616721128806  | 14.184540417989096 | 60.47162383641952  |
|  352  | 73.42494476318359  | 14.165742516150841 | 59.25920174623147  |
|  353  | 75.76003218430739  | 14.165168796441494 | 61.59486615303235  |
|  354  | 73.57380779559796  | 14.124178838485326 | 59.449627763797075 |
|  355  | 73.31803651467348  | 14.240408130547939 | 59.077627622164215 |
|  356  | 73.57638817420373  | 14.07357519100874  | 59.50281357985276  |
|  357  | 74.05611243614784  | 14.192279159350273 | 59.86383151323368  |
|  358  | 73.19331061730018  | 14.116980026440743 | 59.076331853622044 |
|  359  | 74.54790430313501  | 14.105897348844088 | 60.442008408766526 |
|  360  | 72.96594145946014  | 14.123030321170122 | 58.84291013668745  |
|  361  | 74.28345092773438  | 14.14570592244466  | 60.13774781838441  |
|  362  | 74.03479790320763  | 14.114607373751127 | 59.92018843039488  |
|  363  | 72.67059343386919  | 14.128618147434333 | 58.54197523850661  |
|  364  | 73.00889768160306  | 14.221285231174567 | 58.78760989849384  |
|  365  | 73.70634301601312  | 14.207700973901993 |  59.498637108436   |
|  366  | 72.63330305833082  | 14.113146727146246 | 58.52015869140625  |
|  367  | 72.81598771315355  | 14.190813057728302 | 58.62517329680614  |
|  368  | 72.94938479692507  | 14.141420202010718 | 58.80796871869992  |
|  369  |  71.8005044164413  | 14.066702360495542 | 57.73380567893004  |
|  370  | 73.13184280786759  | 14.094152919084598 | 59.03768924419696  |
|  371  | 72.76003576816656  | 14.067430718250764 | 58.69260559864533  |
|  372  | 72.54192346034905  | 14.134867935180663 | 58.407050303923775 |
|  373  | 72.53170594826723  | 14.171540386493389 | 58.36016556177384  |
|  374  | 72.40540067232573  | 14.116062661195413 |  58.289341015938   |
|  375  | 71.16730232434395  | 14.024242029434596 | 57.14305748181465  |
|  376  | 71.71807169596354  | 14.14258835719182  | 57.57548407921424  |
|  377  | 73.10556095221104  | 14.030695367470766 | 59.07485931396484  |
|  378  | 71.59854977338742  | 14.179525989630283 | 57.41902106651893  |
|  379  |  71.8838448783679  | 14.190322460272373 | 57.69352044129983  |
|  380  | 72.33435384897085  | 14.082927376184708 | 58.25142601991311  |
|  381  | 73.24070458045372  | 14.140265049078526 | 59.10043602576623  |
|  382  | 72.59765810452974  | 14.10749062269162  |  58.4901640241574  |
|  383  | 71.40247222117888  | 14.141599668845153 | 57.260875557141425 |
|  384  | 71.59065977438902  | 14.156145224938026 | 57.43451826829177  |
|  385  | 72.84081544533754  | 14.169676344455818 | 58.67113735883664  |
|  386  | 72.23733313144781  | 14.07258498265193  |  58.1647462893755  |
|  387  |  71.7798380846855  | 14.077084370148487 | 57.70275533431616  |
|  388  |  71.2440529300005  | 14.130061535957532 | 57.113989390837844 |
|  389  | 72.30643185346554  | 14.128352473332331 | 58.17808099991236  |
|  390  | 71.05545115152995  | 14.213465279799241 | 56.84198823195237  |
|  391  | 71.09844797770182  | 14.125588675278884 | 56.97286457159581  |
|  392  | 69.46771102514022  | 14.136253160329966 | 55.33145750779372  |
|  393  | 71.00936449882312  |  14.1360266211094  | 56.87333997677534  |
|  394  | 72.13157401060447  | 14.201420061160357 | 57.93015394944411  |
|  395  | 69.41739530123198  | 14.098139352064866 | 55.319251990685096 |
|  396  | 70.63671164488181  | 14.167365939800556 | 56.469343488644334 |
|  397  |  70.7607138296274  | 14.07794613471398  | 56.68276814778646  |
|  398  | 70.35172489264073  | 14.073152927496494 | 56.27857177343124  |
|  399  | 70.81920608911759  | 14.18384245163355  | 56.63536308875451  |
|  400  | 69.60911434858274  | 14.09088061112624  | 55.518231878036104 |
|  401  | 71.70587205935747  | 14.08904575054462  | 57.61682750212841  |
|  402  | 70.08887821295322  | 14.078888238760142 | 56.00999207325471  |
|  403  | 70.10921955597706  | 14.053535511310283 | 56.05568087455554  |
|  404  | 70.69470669477414  | 14.01930921114408  | 56.675395672137924 |
|  405  | 70.21809091421274  | 14.04897990006667  | 56.169109559670474 |
|  406  | 68.25629835079877  | 14.063652575566218 |  54.1926433191544  |
|  407  | 69.65734479855269  | 14.137604697789902 | 55.519739242944965 |
|  408  | 69.18151066706731  | 14.070887637016101 | 55.11062393579728  |
|  409  | 68.51617272010216  | 14.097571119650816 | 54.418601696307846 |
|  410  | 68.13415405273437  | 14.108440753252077 | 54.02571489774264  |
|  411  | 68.70948742988782  | 14.005053280561398 | 54.70443114451873  |
|  412  | 68.77517221304086  | 14.120311391781538 | 54.65486096504407  |
|  413  | 68.35993808844151  | 14.102070910135906 | 54.25786844106821  |
|  414  | 69.05560667380308  | 14.040255110324958 | 55.01534901154347  |
|  415  | 68.74032674936147  | 14.004838555164826 | 54.73548955281576  |
|  416  | 68.25985763158553  | 14.080232973343287 | 54.179622607108875 |
|  417  | 67.23813959366235  | 14.045014658218776 | 53.19312383798452  |
|  418  | 68.22780008951823  | 13.955084646176068 | 54.27271208151793  |
|  419  | 67.18295126108023  | 13.98292396154159  | 53.20002670288086  |
|  420  | 68.34657441750551  | 14.041498124538323 | 54.30507865318885  |
|  421  | 67.57630679399539  | 14.05913211724697  | 53.51717157608424  |
|  422  | 66.79453735351562  | 14.049131850218162 | 52.74540173652844  |
|  423  | 67.35767409104567  | 14.021411243340909 | 53.336260583339595 |
|  424  | 68.08542702699319  | 14.03410035157815  | 54.051328582763674 |
|  425  | 68.06263709435096  | 13.980638028658353 | 54.08199906569261  |
|  426  | 68.12069141877004  | 14.015659537682167 | 54.10503359672351  |
|  427  | 66.67391379331931  | 14.031847955752642 |  52.6420662904397  |
|  428  | 67.64170079940405  | 14.024286620311248 | 53.61741437080579  |
|  429  | 66.63607100266677  | 14.010677538162623 | 52.62539532392453  |
|  430  |  67.6347765252529  | 14.035282688629932 | 53.59948911617964  |
|  431  | 66.76237572303185  | 14.078214551485502 | 52.68415525778746  |
|  432  | 66.67106258294521  | 14.080211934798804 | 52.59084592770307  |
|  433  | 66.79341318766276  | 14.052029105944511 | 52.74138608492338  |
|  434  | 66.04990619365985  |  13.9742508208446  | 52.07565637441782  |
|  435  | 67.74750222230568  | 14.015492021609575 | 53.73201170309996  |
|  436  | 65.10683510022285  | 13.976239617176544 | 51.130595030173275 |
|  437  | 67.36697326660156  | 13.990809243031038 | 53.37616466815655  |
|  438  | 66.76942128499348  | 13.90591060540615  | 52.86350805820563  |
|  439  |  64.7536497223683  | 13.998078626975035 | 50.755576817439156 |
|  440  | 65.27193455622746  | 13.91920987447103  | 51.35272439418695  |
|  441  | 65.70997769086789  | 14.002640633216272 | 51.707337270883414 |
|  442  | 65.31681743915264  | 13.92602788289388  | 51.39078393006936  |
|  443  | 66.92275184826973  | 14.01544470469157  | 52.90730268429487  |
|  444  |  65.7763743395683  | 13.992607271243365 | 51.78376947647486  |
|  445  | 66.56658228165064  | 13.920851767124274 | 52.64573623657227  |
|  446  | 64.45845541929587  | 13.952538816989996 | 50.50591414622772  |
|  447  | 65.81159874549279  | 13.931317360706819 | 51.88027721307216  |
|  448  | 65.15449966039414  | 13.918038766322992 | 51.23645779340695  |
|  449  | 64.91069533128005  | 13.97181638668745  | 50.938878944592595 |
|  450  | 66.02214613694412  | 13.938964719527807 | 52.08318096454327  |
|  451  | 63.93710560334034  | 13.910910611274915 | 50.02619277562851  |
|  452  | 64.70748529678735  | 13.889273576980981 | 50.81820845383864  |
|  453  | 64.93166567288912  | 13.957393844800118 | 50.974271780160755 |
|  454  | 64.32828302627955  | 13.922801619309645 | 50.405484720865886 |
|  455  | 64.04425951835437  | 13.901460830492852 | 50.14279723338592  |
|  456  | 64.01612052330604  | 13.819400015610915 |  50.196725585155   |
|  457  | 64.26986301911182  | 13.894260568863306 | 50.37560636080229  |
|  458  | 64.46059280786758  | 13.900724788567958 | 50.55986639952048  |
|  459  |  64.4460533181215  | 13.864520935645471 |  50.5815346468412  |
|  460  | 63.63741297403971  | 13.85882406088022  | 49.77858846028646  |
|  461  |  64.0346674640362  | 13.855606135832957 | 50.17905660775992  |
|  462  | 63.644830525716145 | 13.838199125436637 | 49.806631853152545 |
|  463  | 64.41402512770432  | 13.863995499244103 | 50.55002717238206  |
|  464  | 63.83773439847506  | 13.835210942977515 | 50.00252326378455  |
|  465  | 64.41182286971654  | 13.951286776616023 | 50.460533541165866 |
|  466  | 63.471150919596354 | 13.881748194572253 | 49.58940498938927  |
|  467  | 64.49190549801557  | 13.72912389999781  | 50.76278114514473  |
|  468  | 64.19103922526041  | 13.807457978664301 | 50.383578385573166 |
|  469  | 64.08088540101663  | 13.844439929081844 | 50.23644370837089  |
|  470  | 63.13233882414989  | 13.765552522708209 | 49.36678639729818  |
|  471  |  64.2358679277469  | 13.796625068860177 | 50.439239544990734 |
|  472  | 62.65116055610852  | 13.786951631399301 | 48.864208280123194 |
|  473  | 62.97364531688201  | 13.829937143570337 | 49.14370907905774  |
|  474  | 63.066328539726065 | 13.942517483051006 | 49.12381346482497  |
|  475  | 62.958608159774386 | 13.795563923762394 | 49.16304895645533  |
|  476  | 62.32170955951397  | 13.831565347329164 | 48.49014385516827  |
|  477  | 63.39279978434245  | 13.76563962887495  | 49.62715765146109  |
|  478  |  62.6651814465645  | 13.76948118747809  | 48.89569835173778  |
|  479  | 63.46615341577775  | 13.858789858695788 | 49.60736064813076  |
|  480  | 63.09458889301007  | 13.755611343383789 | 49.33897533318935  |
|  481  | 62.27327821780474  | 13.808504085051707 | 48.46477422860953  |
|  482  | 62.23364775437575  |  13.6991153218196  | 48.534532075539616 |
|  483  | 61.76722670726287  | 13.711591892731496 | 48.055635911990436 |
|  484  | 61.593551393166564 | 13.693756815592447 | 47.89979276608198  |
|  485  | 61.16173565595578  | 13.674471044295874 | 47.48726592235076  |
|  486  | 62.259305013020835 | 13.751152827923114 | 48.50814982487605  |
|  487  | 61.19573260576297  | 13.812027392265124 | 47.38370852739383  |
|  488  | 61.92662132458809  | 13.764168069301508 | 48.16245597252479  |
|  489  | 61.84970144809821  | 13.757671637901893 | 48.09202830779247  |
|  490  | 61.47912300305489  | 13.668042898911697 | 47.81108074872922  |
|  491  | 61.69997861813276  | 13.637422725970929 | 48.06255799122346  |
|  492  | 62.77272881141076  | 13.664562186216697 | 49.10816762679662  |
|  493  | 62.085283046624596 | 13.658206316630045 | 48.42707618126502  |
|  494  | 61.73319810916216  | 13.657634901389098 | 48.07556110871144  |
|  495  | 60.826541067270135 | 13.71031574444893  | 47.11622486994817  |
|  496  | 60.41527487730369  | 13.618290414076585 | 46.796988134139625 |
|  497  | 61.74423928285256  | 13.625502512027056 |  48.1187411342523  |
|  498  | 61.99346052903395  | 13.552426051604442 | 48.44103357168344  |
|  499  |  60.6268289849697  | 13.68258913675944  | 46.944238942464196 |
|  500  | 61.19525156656901  | 13.585114210079878 | 47.61013635488657  |
+-------+--------------------+--------------------+--------------------+