+-------+--------------------+--------------------+--------------------+
| Epoch |     total_loss     |      dt_loss       |     type_loss      |
+-------+--------------------+--------------------+--------------------+
|   1   | 428.4131635929988  | 78.91939619015425  | 349.49376990685096 |
|   2   | 421.8755944511218  | 71.99581606351413  | 349.8797798039363  |
|   3   |  415.771298045623  | 69.34747090657552  | 346.4238309107071  |
|   4   | 412.2048883526142  | 67.84085931239984  | 344.3640255346054  |
|   5   | 404.35193650465743 | 66.59892852000701  | 337.7530052145934  |
|   6   | 398.55326575646035 | 65.37559549967447  | 333.1776785669571  |
|   7   |  390.50312108749   | 64.06742669521233  | 326.43569739708533 |
|   8   | 382.78076240735174 | 62.93359717735878  | 319.84715573041865 |
|   9   | 373.2919255809295  | 62.05275393755008  | 311.2391669170673  |
|   10  | 364.94073376777845 | 61.272942485320264 | 303.6677860827324  |
|   11  | 353.7894102751903  | 60.39247056618715  |  293.396934376252  |
|   12  | 345.18275349934896 | 59.741199223445015 | 285.4415563651843  |
|   13  | 333.9714485677083  | 58.85439978575095  |  275.117042580629  |
|   14  | 323.88847177358775 | 58.07109779553536  | 265.81737238957334 |
|   15  | 312.94536774464143 | 57.058931966928334 | 255.8864264385517  |
|   16  | 299.58075971554484 | 56.020827233730216 |  243.55992968437   |
|   17  | 292.0184088604267  | 54.780699901091744 | 237.23771049303886 |
|   18  | 280.5516864483173  | 53.67232911721254  | 226.87935958471053 |
|   19  | 270.59675352438904 | 52.14630665314503  | 218.45044935960036 |
|   20  | 259.25630344488684 | 50.62287000998472  | 208.63343699919872 |
|   21  | 251.90561348157053 | 49.53964930216471  | 202.3659653570713  |
|   22  | 245.13932430952022 | 48.768419647216795 | 196.3709090951773  |
|   23  | 237.8161234694261  | 47.90060758150541  | 189.91551764072517 |
|   24  | 232.62256028395433 | 47.17894322713216  | 185.44361838316306 |
|   25  | 226.70312271509414 | 46.748249836457084 | 179.95486894656452 |
|   26  | 222.2952860983824  | 45.976483651185646 | 176.31880023662862 |
|   27  | 217.2960060158754  | 45.32749830979567  | 171.96850244766625 |
|   28  | 214.49842762482473 | 44.67458484747471  | 169.8238390956781  |
|   29  | 212.03170139410557 | 43.833360008826624 | 168.1983365259415  |
|   30  | 209.70584248860678 | 43.21738996456831  | 166.4884505051833  |
|   31  | 206.31355033678886 | 42.46022844754732  | 163.8533198429988  |
|   32  | 203.18847044333432 | 41.889517638377654 | 161.2989487398588  |
|   33  | 201.58593735914965 | 41.55021272316957  | 160.03572752341245 |
|   34  | 201.36152016664164 | 40.87323595878406  | 160.48828544421073 |
|   35  | 199.09171604254306 | 40.42308108598758  | 158.66863445575422 |
|   36  | 199.19823193672377 | 39.965506529196716 | 159.23272141676682 |
|   37  | 198.60542987530047 | 39.377096878443005 | 159.22832963992388 |
|   38  | 197.67276071401741 | 39.14424797644982  |  158.528511336889  |
|   39  | 195.45567650428185 | 38.91137183164939  | 156.5443052321214  |
|   40  | 195.98346080290966 | 38.60040833302033  | 157.38305258726461 |
|   41  | 194.57182704827724 | 38.425194854736326 | 156.14662749461638 |
|   42  | 196.9358405480018  | 38.029536602313705 | 158.90630144168168 |
|   43  | 193.81345235188803 | 37.92664577386318  | 155.88680833082933 |
|   44  | 194.1122541848207  | 37.51491954314403  | 156.59733263847156 |
|   45  | 194.74347850310497 | 37.47685103196364  | 157.26662783891726 |
|   46  | 193.57660993527142 | 37.37846669123723  | 156.1981419176933  |
|   47  | 193.10388505984577 | 37.05587755252154  | 156.04801087990785 |
|   48  | 192.31122481908554 | 36.960878256773334 | 155.35034594413563 |
|   49  | 192.8045980913211  | 37.24588191888271  | 155.55871782351764 |
|   50  | 191.14719072390827 | 36.77631799159906  | 154.37086909367488 |
|   51  | 191.69914910732172 | 36.49375728118114  | 155.20538974859775 |
|   52  | 192.60785121819913 | 36.59611302693685  | 156.01173798389925 |
|   53  | 191.8189224947416  | 36.43855391282302  | 155.38037220490284 |
|   54  | 191.21636795435197 | 36.36789159530248  | 154.84847811185398 |
|   55  | 192.19224743965344 | 36.42241432385567  | 155.76983174641927 |
|   56  | 191.94108889848758 |  36.3692533991887  | 155.57183650090144 |
|   57  | 192.3612050061348  | 36.191192439152644 | 156.1700135529347  |
|   58  | 191.89662317520532 | 36.38253159743089  | 155.51408932416868 |
|   59  | 191.92906364245292 | 36.188938966408756 | 155.74012881547978 |
|   60  | 191.71564950796275 | 36.437371544471155 | 155.2782817195012  |
|   61  | 191.85218266413762 | 36.28564538808969  | 155.5665405899439  |
|   62  | 192.1456558149289  | 36.167743393335584 | 155.97791184645433 |
|   63  | 192.39572839981471 | 36.08982705923227  | 156.3058997364533  |
|   64  | 190.8688603484325  | 36.352114030886916 | 154.51674920497797 |
|   65  | 190.68594975398136 | 36.23552926087991  | 154.45042187813002 |
|   66  | 192.30575261042668 | 36.26979661990435  | 156.03595612354766 |
|   67  | 190.62550740559897 | 36.446530339167666 | 154.1789750319261  |
|   68  | 191.59186956943608 | 36.083365177252354 | 155.50850720527845 |
|   69  |  190.670612104367  | 36.278096516927086 | 154.3925125826322  |
|   70  | 192.2124401072967  | 36.43658761048928  | 155.77584962502505 |
|   71  | 190.59231479742587 | 36.080402460342796 | 154.5119087571364  |
|   72  | 190.85936575082633 | 36.24131225977189  | 154.61805642152444 |
|   73  | 192.22899033766527 | 36.093809521014876 | 156.13518251076724 |
|   74  | 191.5079002810747  | 36.011580673609025 | 155.49632080078126 |
|   75  | 192.4746200796274  | 35.97007810152494  | 156.50454110952523 |
|   76  | 190.3874153958834  | 35.98945666190905  | 154.39795599521736 |
|   77  | 191.00321240547376 |  35.8151347272824  | 155.18807650052585 |
|   78  | 189.81669032952723 |  35.7333594141251  | 154.0833357903896  |
|   79  | 191.19331758939302 | 35.50427973429362  | 155.68903915014022 |
|   80  | 190.6156412447416  | 35.46515602698693  | 155.15048580854366 |
|   81  | 190.59965922037762 | 35.42898002428886  | 155.17067846053686 |
|   82  | 189.64986040164263 | 35.38864426832933  | 154.2612141301082  |
|   83  | 188.84211119040464 | 35.123290373973354 | 153.7188192983774  |
|   84  | 189.91069979154148 | 34.90767880562024  | 155.00301944047976 |
|   85  | 189.43937392014723 | 34.79035958705804  | 154.64901666103265 |
|   86  | 189.02399655073117 | 34.414398768498344 | 154.60959608811598 |
|   87  | 189.47011338454027 | 34.24393994062375  | 155.2261720002003  |
|   88  | 189.06909563113481 | 34.01578225942758  | 155.05331100072615 |
|   89  | 187.00905365772735 | 33.46198715992463  |  153.547064068134  |
|   90  | 187.6410150459485  | 33.38270266801883  | 154.25830862192007 |
|   91  | 187.26492412860577 | 33.133194298377404 | 154.13173056578026 |
|   92  | 186.20416782476963 | 32.82315587752905  | 153.3810106952374  |
|   93  | 187.5916633175581  | 32.33716585208208  | 155.25450178097455 |
|   94  | 186.75854371682192 | 32.21229643601637  | 154.54625071990185 |
|   95  | 185.88789436535959 | 31.744392917339617 | 154.1435016338642  |
|   96  | 185.69661217322715 |  31.4043442770151  | 154.2922666735527  |
|   97  | 184.5475012050531  | 30.991542242979392 | 153.55595504369492 |
|   98  | 185.1901603190104  | 30.578210318149665 | 154.61194919683993 |
|   99  | 184.25011139698518 | 30.45283581269093  | 153.79727218236678 |
|  100  | 182.64670951647636 | 30.03114117549016  | 152.61556723570212 |
|  101  | 183.3354237874349  | 29.693124393560947 | 153.64230060283955 |
|  102  | 182.19408948066908 | 29.58166594089606  | 152.61242766551482 |
|  103  | 182.22375893617289 | 29.232005089001778 | 152.99175338353865 |
|  104  | 181.3125792205028  | 29.27897882510454  | 152.03359739645933 |
|  105  | 181.78771794245793 | 29.070916110307742 | 152.71680286896535 |
|  106  | 181.06264998998398 | 28.70367796873435  | 152.35897442157452 |
|  107  | 181.37213008000302 | 28.645821977273012 | 152.72631076910557 |
|  108  | 181.63852370042068 | 28.646302173321065 | 152.9922233542418  |
|  109  | 181.74563161996696 | 28.334681212596404 | 153.4109512094351  |
|  110  | 180.2537073066907  | 28.461370929815832 | 151.79233534592848 |
|  111  | 181.43185423239683 | 28.199048463870316 | 153.23280212402344 |
|  112  | 180.0072160456731  | 28.105357626890523 | 151.90186005421174 |
|  113  | 181.3876247621194  | 28.01215948447203  | 153.3754619109325  |
|  114  | 180.07306443434496 | 28.073388063479694 | 151.99967868902743 |
|  115  | 181.0713594563802  | 27.79643355931991  | 153.27492625701123 |
|  116  | 180.01932684482674 | 27.855466729188578 | 152.16386064578325 |
|  117  | 180.33370588253706 | 27.925980960161258 | 152.4077224183694  |
|  118  | 180.90800984700522 |  27.6070666210468  | 153.3009416785607  |
|  119  |  180.231473044371  | 27.553371973282253 | 152.67810470189804 |
|  120  | 179.37625364645933 | 27.854864439352966 | 151.52138858110476 |
|  121  | 180.04924447866586 |  27.3139974017021  | 152.73524608122997 |
|  122  | 178.98835305238381 | 27.248481087317835 | 151.73987494052986 |
|  123  | 178.96694778833634 | 27.204427627172226 | 151.7625192182492  |
|  124  | 179.48605974246294 | 27.273948088425858 | 152.21210442958733 |
|  125  | 178.69843959710536 | 27.04667101933406  | 151.65177242963742 |
|  126  | 178.66868298652844 | 26.72737094585712  | 151.94131197415865 |
|  127  | 179.3508415652544  | 27.020915912725986 | 152.3299232522035  |
|  128  | 177.9300388277494  | 27.13247860639523  | 150.79756411821415 |
|  129  | 178.00986227964742 | 26.755835704314404 | 151.25401806953627 |
|  130  | 177.84655475323018 | 26.56156113257775  | 151.28499510153745 |
|  131  | 178.31433415339544 | 26.483146264491936 | 151.83118749373998 |
|  132  | 178.23657930814304 | 26.212511985974434 | 152.02406858786557 |
|  133  | 177.04611010429187 | 26.282808642265124 |  150.763302346254  |
|  134  | 178.07341881385216 | 26.140867685171273 |  151.932553131886  |
|  135  | 177.15413716634114 | 25.89059381338266  | 151.26353964781148 |
|  136  | 176.22083403758515 | 25.99006623096955  | 150.23076592861077 |
|  137  | 177.65355681590546 | 25.875675346178888 | 151.7778743333083  |
|  138  | 177.05296738844652 | 25.904180575639774 | 151.14878524389022 |
|  139  | 176.35612299992488 | 25.897161830021783 | 150.4589641081981  |
|  140  | 176.16918676131812 | 25.880153652093348 | 150.28903409517727 |
|  141  | 177.10005145733174 | 25.671349017803486 | 151.42870204827724 |
|  142  | 175.96909855769232 | 25.64768403860239  | 150.32141247871596 |
|  143  | 176.47044774764623 | 25.549377032548954 | 150.92107473520133 |
|  144  | 177.23051915877906 | 25.381835763393305 | 151.84868342472956 |
|  145  | 177.00029500325522 |  25.2650304099841  | 151.73526955629006 |
|  146  | 176.8082643323067  | 25.360577873816858 | 151.44769014798678 |
|  147  | 175.36302681164864 | 25.306428975814427 | 150.0565966796875  |
|  148  | 175.8197698035607  | 25.162879939935145 | 150.6568916829427  |
|  149  | 175.98919946915063 | 24.986496333586864 | 151.00270235501802 |
|  150  | 176.06932756472855 | 24.937307788164187 | 151.1320212496244  |
|  151  | 174.94152786646134 | 24.985607184385643 | 149.95592153695912 |
|  152  | 174.95980650290466 | 24.786885884602864 | 150.17292209723058 |
|  153  | 174.58970894055489 | 24.94207194597293  | 149.64763552934696 |
|  154  | 175.12806842510517 | 24.86781635186611  | 150.2602544227013  |
|  155  | 175.37311971028646 | 24.822617615919846 | 150.55050037873096 |
|  156  | 174.63673543294271 | 24.59842667604104  |  150.038310155624  |
|  157  | 175.39873455341046 | 24.46397626632299  | 150.93475645407653 |
|  158  | 174.51482733310797 | 24.484758580525718 | 150.03007078513122 |
|  159  | 175.21575076372196 | 24.50708592145871  | 150.70866525503305 |
|  160  | 174.41212048652844 | 24.619922647720728 | 149.7921967178736  |
|  161  |  173.694916021885  | 24.51238820980757  | 149.18253111227963 |
|  162  | 174.05193331204927 |  24.6866763481727  | 149.3652589455629  |
|  163  | 174.4935674266326  | 24.319633239354843 | 150.17393036671174 |
|  164  | 174.1765967579377  | 24.39647571857159  | 149.78012221116285 |
|  165  | 173.50733669183194 | 24.26740192902394  | 149.23993991949618 |
|  166  | 173.81832885742188 | 24.19640630477514  | 149.62192265437199 |
|  167  | 173.1938587521284  | 24.28769390204014  | 148.90616237542568 |
|  168  |  174.352566794371  | 24.043012325580303 | 150.3095525027544  |
|  169  | 173.07550803160055 | 24.091786880493164 | 148.98372369228267 |
|  170  | 172.58455844976964 | 24.041274443406326 | 148.5432822985527  |
|  171  | 174.21262582632212 | 24.135993192623822 | 150.07663672814002 |
|  172  | 172.96415134527746 | 23.96075605147924  | 149.0033955891927  |
|  173  | 171.75755837464945 | 24.02377716064453  | 147.7337780761719  |
|  174  | 173.63514881623098 | 24.024846287262747 | 149.6103013728215  |
|  175  | 173.73078729091546 | 23.95814574999687  | 149.77263491899538 |
|  176  | 173.42509771885017 | 23.918561143141527 | 149.5065371938852  |
|  177  | 173.39255220853366 | 23.92504485497108  | 149.46750607221554 |
|  178  | 172.63154055864382 | 23.852161438770782 | 148.77937841170873 |
|  179  | 172.27015382424378 | 23.915646747686925 | 148.35450879219252 |
|  180  | 173.86872314453126 | 23.929605274689504 | 149.93911774464144 |
|  181  | 172.5375113619291  | 23.93861478952261  | 148.5988973451272  |
|  182  | 172.06372262807992 | 23.819924703744743 | 148.24380186423278 |
|  183  | 172.6025573886969  | 23.88920059399727  | 148.7133551964393  |
|  184  | 174.21155802408853 | 23.970309205666567 | 150.24125294220752 |
|  185  | 173.21487620818309 | 23.875580199804062 | 149.33929728190105 |
|  186  | 173.20831794934395 | 23.811351954142253 | 149.39696207682292 |
|  187  |  172.138082823142  | 23.855721912873097 | 148.28235904008915 |
|  188  | 172.70862819573819 | 23.894284802950345 | 148.81434435722156 |
|  189  | 173.67824888571715 | 23.839314606495392 | 149.83893590682592 |
|  190  | 173.1760724659455  | 23.779367646437425 | 149.39670630821814 |
|  191  | 172.9466453826122  | 23.899742185152494 | 149.0469047663762  |
|  192  | 173.48032969939402 | 23.809599666106394 | 149.67072677221054 |
|  193  | 172.5014330115685  | 23.981800650572165 | 148.51963255270934 |
|  194  | 173.4481862542568  | 23.88213754311586  | 149.56604636167867 |
|  195  | 172.50647896008613 | 23.80113335438264  | 148.70534946539462 |
|  196  | 172.62342751527444 | 23.865221898005558 | 148.75821170122197 |
|  197  | 172.29021889711038 | 23.788486915001503 | 148.5017333514874  |
|  198  | 174.58167181552986 | 23.68612890977126  | 150.89554038023337 |
|  199  | 172.09218357183994 | 23.797105380327274 | 148.29507573054386 |
|  200  | 171.6787009840745  | 23.784522143632937 | 147.89417716784354 |
|  201  | 172.79378817044773 | 23.679628358498597 | 149.1141576991937  |
|  202  | 173.60643548427484 | 23.67462628486829  | 149.93180596767328 |
|  203  | 172.26184005346053 | 23.767132863753883 | 148.49470770420172 |
|  204  | 172.6681576929337  | 23.685173969757862 | 148.98298641889522 |
|  205  | 172.23358529897837 | 23.591467146262143 | 148.64212274013423 |
|  206  | 172.46910298665364 | 23.748157763358876 | 148.7209458571214  |
|  207  | 172.03714098808092 | 23.736692790496043 | 148.3004453844902  |
|  208  | 172.47540325458232 | 23.64510006635617  | 148.83030467497997 |
|  209  | 172.53630216158354 | 23.433554051717124 | 149.1027485069862  |
|  210  | 172.63336263020832 | 23.504654040214344 | 149.12870746319112 |
|  211  | 173.37471202361277 | 23.55505830813677  | 149.81965377416367 |
|  212  | 172.46900284204727 | 23.57856395232372  | 148.89043663611778 |
|  213  | 172.65836106520433 | 23.410483165643154 | 149.24787987342248 |
|  214  | 171.27507779634917 | 23.484171977899013 | 147.79090696677184 |
|  215  | 171.7356056565505  | 23.403381556975535 | 148.33222599909857 |
|  216  | 172.15907491048176 | 23.446448518801958 | 148.7126236666166  |
|  217  | 172.32078596066205 | 23.427005689572066 | 148.89378172263122 |
|  218  | 172.5333951196915  | 23.36635093688965  | 149.16704240847858 |
|  219  | 172.45070079314402 | 23.341651673928286 | 149.1090460205078  |
|  220  | 171.5551439490685  | 23.421180498172074 | 148.13396307529547 |
|  221  | 172.61590904822717 | 23.33738367129595  | 149.27852341871994 |
|  222  | 172.23473651592548 | 23.40166609348395  | 148.83307146121294 |
|  223  | 171.55696658403446 | 23.396934880965794 | 148.1600321451823  |
|  224  | 171.39033426920574 | 23.19927521143204  | 148.1910632480719  |
|  225  | 172.63739060621995 | 23.13030324691381  | 149.50708743364382 |
|  226  | 172.40827682103867 | 23.488914082845053 | 148.91936451447316 |
|  227  | 171.39414018679886 | 23.28687044192583  | 148.1072690523588  |
|  228  | 170.81299460386617 | 23.180856978587617 | 147.6321360113682  |
|  229  | 171.89107528295273 | 22.978339186448316 | 148.9127345784505  |
|  230  | 172.29843642014723 | 23.22199302282089  | 149.07644443609774 |
|  231  | 171.0895733486078  | 23.153630142211913 | 147.93594861152846 |
|  232  | 171.36397345127205 | 23.06651900071364  | 148.29745232997797 |
|  233  | 171.22688908503605 | 22.999353680732924 | 148.2275321921324  |
|  234  | 171.65974565554887 | 23.043936149401542 | 148.61581450633514 |
|  235  | 171.87446570763223 | 23.036198802850187 | 148.8382672275641  |
|  236  | 172.42436983548677 | 23.126107275547124 | 149.29826087364785 |
|  237  | 171.2960928892478  | 23.10171257410294  | 148.1943821051182  |
|  238  | 171.84906904171675 | 23.052723729060247 | 148.79634286733773 |
|  239  | 170.62814005533855 | 23.14330807416867  | 147.48483385917467 |
|  240  | 172.0299229705028  | 22.909444752228566 | 149.12047472831532 |
|  241  | 171.0508174641927  | 23.037787283872948 | 148.01302998860677 |
|  242  | 170.84814157339244 | 23.061325513399563 | 147.7868136361929  |
|  243  | 170.55653955704128 | 23.210939955100034 | 147.34560088328826 |
|  244  | 170.72336793557193 | 23.286902062831782 | 147.43646404559794 |
|  245  | 172.22703938802084 | 23.019440786899665 | 149.20760072365786 |
|  246  | 170.84513174203727 | 22.96647739899464  | 147.8786545347556  |
|  247  | 171.51600584372497 |  23.0587253511869  | 148.45728135329026 |
|  248  | 171.95401411007612 | 22.911829309708033 | 149.04218516814404 |
|  249  | 171.57541619716545 | 23.03398414807442  | 148.5414310083634  |
|  250  | 170.4874142534305  | 22.976300432254106 | 147.51111356295073 |
|  251  | 170.43553349421575 |  22.8632254302196  | 147.57231138571714 |
|  252  | 172.31383834447615 | 22.759724326500525 | 149.55411414513222 |
|  253  | 170.6726767202524  | 22.97481413229918  | 147.6978596066206  |
|  254  | 171.40288935734677 | 22.949827477870844 | 148.45306396484375 |
|  255  | 170.8399969169421  | 22.921819493220404 | 147.9181797281901  |
|  256  | 171.55030880659055 | 22.935764377300554 | 148.6145430814303  |
|  257  | 171.33205092210036 | 22.724338024824092 | 148.6077098044371  |
|  258  | 170.12273799015927 | 22.571556494297127 | 147.55118004432092 |
|  259  | 169.67580494416066 | 22.860990440173026 | 146.81481456267528 |
|  260  | 170.80199372120393 | 22.608295542399087 | 148.19369611691207 |
|  261  | 169.9245403113732  | 22.80190263210199  | 147.12263864370493 |
|  262  | 170.1123464418069  |  22.7473104095459  | 147.36503222343248 |
|  263  | 169.9035890236879  | 22.560902774517352 |  147.342689459385  |
|  264  | 170.69069997934196 | 22.576231372539812 | 148.11447368915265 |
|  265  | 170.34751643254208 |  22.5804695892334  | 147.76704682178988 |
|  266  | 169.71353388859674 | 22.745005244719678 | 146.96852185371594 |
|  267  | 169.4585934056991  | 22.667691329564803 | 146.79090244391026 |
|  268  | 170.21528083996895 | 22.479298471304087 | 147.73597811185397 |
|  269  | 170.66691825671074 | 22.546290643154048 | 148.12062212039262 |
|  270  | 169.86195805476262 | 22.438537000998473 | 147.42342095790767 |
|  271  | 170.34401472042768 | 22.261036365215595 | 148.08298216208433 |
|  272  | 170.18815579927886 | 22.359711235242013 | 147.82844202286157 |
|  273  | 169.76368293957833 | 22.25912623087565  | 147.50455674391526 |
|  274  | 169.94384377504005 | 22.392294779068383 | 147.55154965131712 |
|  275  | 170.74744001339644 | 22.058354188967975 | 148.68908757136418 |
|  276  | 170.7987974978716  | 22.328229233179336 | 148.4705717116136  |
|  277  | 170.15082762106871 | 22.130761290330152 | 148.02007017477965 |
|  278  | 169.97752802922176 | 22.44175488007374  | 147.53577700883915 |
|  279  | 169.29986697465947 | 22.16683704669659  | 147.13303158491087 |
|  280  | 169.59941874186197 | 22.13848132011218  | 147.46093480819312 |
|  281  | 168.9416270251152  | 22.28719810094589  | 146.6544312149439  |
|  282  | 169.3611470227364  | 22.128690117077948 | 147.23245763534155 |
|  283  | 168.78501660469252 | 22.211287888746995 | 146.57372873159557 |
|  284  | 169.5132168344351  | 22.027062591161485 | 147.48615095089644 |
|  285  | 169.15106132311698 | 22.018582556308843 | 147.13247420873398 |
|  286  | 169.34791594676483 | 21.980477701822917 | 147.36743924654448 |
|  287  | 169.4542038198618  | 21.961506772163588 | 147.49269825470753 |
|  288  | 168.9140286333133  | 21.929483266977165 | 146.98454688439003 |
|  289  |  168.304946476863  | 22.049995707976514 | 146.2549474628155  |
|  290  | 169.1036669608874  | 22.031074271568887 | 147.07259210048576 |
|  291  | 168.4393267978766  | 21.942382818368763 | 146.49694850823818 |
|  292  | 170.04303610777242 |  21.878210742657   | 148.16482681665664 |
|  293  | 170.05234982221555 | 21.820407869387896 | 148.23194512782953 |
|  294  | 168.67042831029647 | 21.788825137798604 | 146.8816048803085  |
|  295  | 168.06202326847958 | 21.728908842037885 | 146.33311565692608 |
|  296  | 169.95112489357973 | 21.574750649867912 | 148.37637133476062 |
|  297  | 169.16561501527443 | 21.654949356470354 | 147.5106696495643  |
|  298  | 168.1966458677634  | 21.70351339486929  | 146.4931317138672  |
|  299  | 169.27646302834535 | 21.727953313191733 | 147.54851329314403 |
|  300  | 168.8335206643129  |  21.6951200964512  | 147.13839972080328 |
|  301  | 169.01189248109475 | 21.65416481213692  | 147.35772717598158 |
|  302  | 169.38655318822617 | 21.782192521706605 | 147.60436357547076 |
|  303  | 167.61872215857872 | 21.660212365174903 | 145.9585083946815  |
|  304  | 168.75622837164462 | 21.634364831386467 | 147.12186349722055 |
|  305  | 168.36011490259415 | 21.582566988040238 | 146.77754555726662 |
|  306  | 169.39740045009515 | 21.83008658580291  | 147.56731496957633 |
|  307  | 168.66760976938102 | 21.687981849083535 | 146.97962328788563 |
|  308  | 168.59900446965145 | 21.74554268470177  | 146.85346471541968 |
|  309  | 169.84227756598057 | 21.85489089770195  | 147.98738976111778 |
|  310  | 169.43907306377704 | 21.627350021753557 | 147.8117223495092  |
|  311  | 169.0042417242588  | 21.643535934839495 | 147.36070659930888 |
|  312  | 168.67350321451823 | 21.744417061438927 | 146.92908772786458 |
|  313  | 169.6495301857973  | 21.626104841965894 | 148.0234212865585  |
|  314  | 169.2901016000601  | 21.641256594535633 | 147.64884541829426 |
|  315  | 169.24916989057493 | 21.66466641743978  | 147.58450174967447 |
|  316  | 168.0904572628706  | 21.63976539807442  | 146.45069274902343 |
|  317  | 169.5128798890725  | 21.70512885460487  | 147.80775293594752 |
|  318  | 169.28200502053286 | 21.59321871830867  | 147.68878419533755 |
|  319  | 168.3827598532652  | 21.74466909359663  | 146.63809053861178 |
|  320  | 168.16169838929787 | 21.801019519903722 | 146.36067827273638 |
|  321  |  167.551706245618  | 21.71302286001352  | 145.8386851149339  |
|  322  | 169.50205387995794 | 21.788407377585386 | 147.7136430476262  |
|  323  | 169.0438852789463  | 21.681901861337515 | 147.36198383037862 |
|  324  | 167.80215712327222 | 21.69915523039989  | 146.10300020658053 |
|  325  | 169.03067212227063 | 21.59728682689178  | 147.43339084723056 |
|  326  | 168.79664852827023 | 21.66264719645182  | 147.13400196564504 |
|  327  | 168.69664380195815 | 21.55088498433431  | 147.1457610927484  |
|  328  | 168.93766194661458 | 21.652645731216822 | 147.2850151179387  |
|  329  | 168.3365005101913  | 21.694069558168067 | 146.64242957481972 |
|  330  | 168.93181898850662 | 21.654007304264947 | 147.27781303210136 |
|  331  | 168.31545322516027 | 21.613890114808694 | 146.7015643780048  |
|  332  | 168.00047349196214 | 21.710807315141725 | 146.28966605944512 |
|  333  |  168.383542574369  | 21.54064530005822  | 146.8428983561198  |
|  334  | 168.3476758595002  | 21.496950196486253 | 146.85072630270935 |
|  335  | 168.13732324844753 | 21.46844946054312  | 146.66887771997696 |
|  336  | 169.21266210311498 | 21.45137302300869  | 147.76128910945013 |
|  337  | 168.25537082769932 | 21.55576308225974  | 146.69960782564604 |
|  338  | 169.23089213053385 | 21.58500366015312  | 147.6458915201823  |
|  339  | 168.09837025177785 | 21.576680203951323 | 146.52168716821916 |
|  340  | 168.84543237930689 | 21.28258773021209  | 147.56284561548478 |
|  341  | 167.52100618802584 | 21.465836162078077 | 146.05516897348258 |
|  342  | 168.87853387294672 | 21.34041993752504  | 147.53811919383514 |
|  343  | 168.31969053610777 | 21.594037401248247 | 146.72565470377603 |
|  344  | 169.2004148825621  | 21.516326067019733 |  147.684089449369  |
|  345  | 168.91668322440904 |  21.4139869924692  | 147.50269678360377 |
|  346  | 167.39206438113482 | 21.492665115747695 | 145.8993967535557  |
|  347  | 167.4167162459936  | 21.46040046105018  | 145.95630967360276 |
|  348  | 167.72419724684497 | 21.356073997693183 | 146.36812402969753 |
|  349  | 168.73516459147135 | 21.414735929048977 |  147.320428904998  |
|  350  | 167.36910758776543 | 21.564300740559897 | 145.80480584560297 |
|  351  | 167.63773110414164 | 21.510007036649263 | 146.12772955478766 |
|  352  | 168.91674933017828 | 21.416892168093952 | 147.4998546424279  |
|  353  | 167.97473124186197 |  21.4615329683744  | 146.5132015286959  |
|  354  | 167.67454780774239 | 21.46179575797839  | 146.21274836613583 |
|  355  | 168.08351315229368 | 21.525032434708034 | 146.55848085061098 |
|  356  | 167.92346657777443 | 21.33873684418507  |  146.584728127504  |
|  357  | 168.54863747621195 | 21.25308477744078  | 147.2955511005108  |
|  358  | 167.96934114896334 | 21.299892038198617 | 146.66944625463242 |
|  359  | 169.40604268391928 | 21.21850981296637  | 148.1875337101863  |
|  360  | 167.31429509089543 | 21.212218088003304 | 146.10207688551682 |
|  361  | 167.86904511280548 | 21.398452792045397 | 146.47058905185798 |
|  362  | 168.70924299191205 | 21.184896291097004 |  147.524344138121  |
|  363  | 168.02969715607472 | 21.104378392146184 | 146.9253176958133  |
|  364  | 167.7798838767027  | 21.386943621513172 | 146.39293943747495 |
|  365  | 168.11002463316305 | 21.284281815748948 | 146.82574275090144 |
|  366  | 167.44574962126904 | 21.308021862323468 | 146.13773082244091 |
|  367  | 167.71827427008213 | 21.283125197581757 | 146.43514903533153 |
|  368  | 168.05005881285055 | 21.449207004644933 | 146.60085017277643 |
|  369  | 167.64227676782852 |  21.3134218558287  | 146.32885682717347 |
|  370  | 167.79044106507914 | 21.40047440944574  | 146.3899601080479  |
|  371  | 167.46123804336938 | 21.452553532918294 | 146.00868697728868 |
|  372  | 167.66869301820412 | 21.28426657847869  | 146.3844266451322  |
|  373  | 167.06525977501502 | 21.332958419017302 | 145.7322956261268  |
|  374  | 167.56135934682993 |  21.0970593163906  | 146.46430044320914 |
|  375  | 167.7663238681891  | 21.296527608235678 | 146.4697955009265  |
|  376  | 168.08324523925782 | 21.016963127331856 | 147.06627957857572 |
|  377  | 167.68273960211337 | 21.22782680413662  | 146.45491505158253 |
|  378  | 167.12364755483773 | 21.10860241816594  | 146.01504779522236 |
|  379  | 168.6657762106871  | 21.11043026263897  | 147.55534416003104 |
|  380  | 166.38342754657452 | 20.91863379649627  | 145.46479426457333 |
|  381  | 167.2846271064954  | 21.004628712580754 | 146.28000302045774 |
|  382  | 167.67234019744092 | 20.95848270318447  | 146.71385814177685 |
|  383  | 168.62039835611978 | 20.788107094397912 | 147.83228703425482 |
|  384  | 166.9057776504908  | 20.989340364505082 | 145.9164374561799  |
|  385  | 168.15491505158252 | 20.930771842369666 | 147.22414325420672 |
|  386  | 167.00123255020532 | 21.070212678175707 | 145.93101720565406 |
|  387  | 167.04418541541466 | 21.034502068544047 | 146.00968588804588 |
|  388  | 166.45125361515926 | 21.089820091051934 | 145.36143196301583 |
|  389  | 165.5329558230669  | 20.897826880430564 | 144.6351247308193  |
|  390  | 167.03814216809394 | 20.719036548321064 | 146.3191032840044  |
|  391  | 166.25358938363883 | 20.873882665389623 | 145.37970310308995 |
|  392  | 167.6976741066957  | 20.762488602858323 | 146.93518393492087 |
|  393  | 167.3853348013071  | 20.82047931964581  | 146.56486099634415 |
|  394  | 167.5303041741787  | 20.682052866617838 | 146.84825024727064 |
|  395  | 167.83925138033354 | 20.801922161395733 | 147.03732924241285 |
|  396  | 166.5857419840495  | 20.95388753450834  | 145.63185465494792 |
|  397  | 166.39125760591946 | 20.768565055651543 | 145.62269143129006 |
|  398  | 166.39664228390424 | 20.850719833374022 | 145.54592205341046 |
|  399  | 167.23416389660957 | 20.861630051441683 |  146.372534758739  |
|  400  | 167.1340784786909  | 20.85882238339155  | 146.27525569035456 |
|  401  | 167.76353025778747 | 20.949770861894656 | 146.81375712076823 |
|  402  | 166.49254469651441 | 20.78925423059708  | 145.7032908121745  |
|  403  | 167.0038123497596  | 20.738805217253855 | 146.26500857622196 |
|  404  | 166.72817021296575 | 20.763016357421876 | 145.9651543406951  |
|  405  | 167.22312571990184 | 20.61317872267503  | 146.60994955992086 |
|  406  | 167.9608194517478  | 20.658665323501978 | 147.3021571545723  |
|  407  | 166.10371283115484 | 20.63124067453238  | 145.47246611766326 |
|  408  | 166.33573766463843 | 20.708272932003705 | 145.6274636293069  |
|  409  | 166.8925405492538  | 20.52137915978065  |  146.371159761869  |
|  410  |  165.963327730619  | 20.623763732910156 | 145.33955998347355 |
|  411  | 166.14354802058293 | 20.541807350745568 | 145.60174158340845 |
|  412  | 165.56250693296775 | 20.47477292183118  |  145.087733201247  |
|  413  | 166.6494393060146  | 20.56801578815167  | 146.0814262507512  |
|  414  | 166.02637826772838 | 20.577294049385266 | 145.44908466045672 |
|  415  | 167.23034434783153 | 20.528018552339994 | 146.7023303535657  |
|  416  | 166.75407422188002 | 20.30781962859325  | 146.44625508626302 |
|  417  | 166.54482778695913 | 20.392218385354067 | 146.15261764135116 |
|  418  | 166.04058978740986 | 20.506294037256485 | 145.5342989095052  |
|  419  | 165.70403439252806 | 20.645179302509014 | 145.05885435446714 |
|  420  | 165.6218321188902  | 20.41662952325283  |  145.205202339368  |
|  421  | 166.46697071564503 | 20.373892904428335 | 146.0930831204928  |
|  422  | 166.67953890286958 | 20.379470829107824 | 146.3000697678786  |
|  423  | 166.19717388446514 | 20.470046093280498 | 145.72712333483574 |
|  424  | 166.03489944849258 | 20.43745243365948  | 145.59744658641327 |
|  425  | 167.28437974196214 | 20.335418382302308 | 146.94895695612982 |
|  426  | 166.4377550330529  | 20.611851002619815 | 145.8259098776793  |
|  427  | 165.78853085248898 |  20.4220293759077  | 145.36650329589844 |
|  428  | 166.2378562105619  | 20.374893791003107 | 145.86296280298478 |
|  429  | 164.0803076171875  | 20.546289443969727 | 143.53401472042768 |
|  430  | 166.63624112642728 | 20.52506080431816  | 146.11117611616086 |
|  431  | 166.67437994541265 | 20.399547739273462 | 146.27483392177484 |
|  432  | 166.19212846804888 | 20.436563920241134 | 145.75556310409155 |
|  433  | 166.20775594075522 | 20.43532917120518  | 145.77242506760817 |
|  434  | 166.13954145382613 | 20.364089781932343 | 145.77545234875802 |
|  435  | 167.07312814565805 | 20.449777029966697 | 146.6233490616236  |
|  436  | 165.43263579539763 | 20.563262618627302 | 144.86937257424378 |
|  437  | 165.08536732209035 | 20.538291150606597 | 144.54707298865685 |
|  438  | 166.76400708320813 | 20.389929658938676 | 146.37407595903446 |
|  439  | 165.95173430613983 | 20.469798317933694 | 145.48193947816506 |
|  440  | 164.6446641814403  | 20.542876438238682 | 144.1017881266276  |
|  441  | 167.2560490221855  | 20.23528132316394  | 147.02076896471854 |
|  442  | 166.12773953951321 | 20.409787106636244 | 145.71795028295273 |
|  443  | 166.36955700996594 | 20.403751079852764 |  145.965807416867  |
|  444  |  166.332556637495  | 20.52376566764636  | 145.80879156650641 |
|  445  | 165.78557545197316 | 20.47764036716559  | 145.3079287954477  |
|  446  | 164.93027509640424 | 20.376768853603267 | 144.55350288586737 |
|  447  | 165.9814503518129  | 20.33385849977151  | 145.6475932429387  |
|  448  | 165.38198688213643 | 20.344218924106695 | 145.0377642978766  |
|  449  | 166.17563205816808 | 20.32627212524414  | 145.84936013246195 |
|  450  | 166.3100763721955  | 20.396739431527944 | 145.91333658854165 |
|  451  | 166.11601352789464 | 20.296354687030497 | 145.8196589073768  |
|  452  | 166.71871500651042 | 20.39419417552459  | 146.32451876126802 |
|  453  | 166.55776997884115 | 20.26001698811849  | 146.2977528420473  |
|  454  | 166.43425693609777 | 20.383168896406126 | 146.05108994704025 |
|  455  | 165.78246193910257 | 20.376847633948692 | 145.40561208871694 |
|  456  | 167.1995511412009  | 20.283401272113508 | 146.91615107609675 |
|  457  | 164.7309315999349  | 20.38364012498122  | 144.34729079026442 |
|  458  | 165.41552545009515 | 20.360858813554813 | 145.05466333633814 |
|  459  | 165.89329780774239 | 20.31858462602664  | 145.57471341646635 |
|  460  | 165.38172468136517 |  20.4578311528915  | 144.92389106946115 |
|  461  |  166.146171483749  | 20.401905822753907 | 145.74426452636717 |
|  462  | 166.73221728202626 | 20.396263361221706 | 146.33595102163463 |
|  463  | 165.9946806609325  | 20.250710742657002 | 145.7439701178135  |
|  464  |  165.947108201247  | 20.206528846545098 | 145.74058396559496 |
|  465  | 165.63870524088543 | 20.37907717191256  | 145.25962879669973 |
|  466  | 164.8079673414964  | 20.498299540984323 | 144.30966235038562 |
|  467  | 165.69900295159755 | 20.290187784830728 | 145.40881518241687 |
|  468  | 167.0976504281851  | 20.304199514144507 | 146.7934565930489  |
|  469  | 165.5284667499249  | 20.404020049266325 | 145.1244442201272  |
|  470  | 166.8292303936298  | 20.246231368627303 | 146.5829985163762  |
|  471  | 166.6055222261869  | 20.539118916438177 | 146.06640358949318 |
|  472  | 165.95611494015424 | 20.435344322400216 | 145.5207746456831  |
|  473  | 165.7518360940004  | 20.43879162519406  | 145.31304602989783 |
|  474  | 165.37253721579526 | 20.324987270648663 | 145.04755178598256 |
|  475  | 166.3804627716847  | 20.424673166519558 | 145.95579206417767 |
|  476  | 167.1701228215144  | 20.344205451378457 | 146.8259186730018  |
|  477  | 166.3745737868089  | 20.443286346044296 | 145.93129065880407 |
|  478  | 167.08725916153347 | 20.296001285650792 | 146.79125766851962 |
|  479  | 165.73958802834537 | 20.440161704038964 | 145.2994262069311  |
|  480  | 166.98553565392126 | 20.291805762266502 | 146.69373165815304 |
|  481  | 166.22205837151944 | 20.37127193353115  | 145.8507849277594  |
|  482  | 166.04447803986378 | 20.314642752622948 | 145.72983520507813 |
|  483  | 165.43823572403346 | 20.290715752626078 | 145.14752364721053 |
|  484  | 166.28400263859675 | 20.401022990300106 | 145.8829743683644  |
|  485  | 165.90779249924879 | 20.50640321193597  | 145.40139180501302 |
|  486  | 165.95202736879006 | 20.434028848501352 | 145.51799784342447 |
|  487  | 165.14497588328825 | 20.543855815789637 | 144.60112497182993 |
|  488  | 166.46951729016428 | 20.469087577232948 | 146.0004263696915  |
|  489  | 164.9430651542468  | 20.301629196558242 | 144.64143739357974 |
|  490  | 166.63898642515525 | 20.398782123663487 | 146.24020426432293 |
|  491  | 166.29966009677986 | 20.38864779350085  | 145.9110123854417  |
|  492  | 165.5518976143079  | 20.524296740018404 | 145.02759677984776 |
|  493  | 165.44032292292667 | 20.47755845681215  | 144.96276353102465 |
|  494  | 165.39837909405048 | 20.43312796568259  | 144.96525187174478 |
|  495  | 165.57297746707232 | 20.368399225870768 | 145.20458215958033 |
|  496  | 164.87331852839543 | 20.555796739627155 | 144.31752248910757 |
|  497  | 165.33646888146035 | 20.568286107381184 | 144.76818766276043 |
|  498  | 165.7673717166216  | 20.42760817503318  | 145.3397677690555  |
|  499  |  166.499217576247  | 20.511327260335285 | 145.98788713504106 |
|  500  |  164.818803523137  | 20.493441396859975 | 144.3253611246745  |
|  501  | 165.84005829639923 | 20.397145802424504 | 145.44291209685497 |
|  502  |  165.985013678135  | 20.433515849969325 | 145.55149899213743 |
|  503  | 166.35888347919172 | 20.493862201005985 | 145.8650196877504  |
|  504  | 165.98795954777646 | 20.43633396050869  | 145.55162547576123 |
|  505  | 165.2620374161158  | 20.342062186216697 | 144.91997704139123 |
|  506  | 165.82715001815404 | 20.412036662957608 | 145.41511376014122 |
|  507  | 166.51589942345254 | 20.308442535400392 | 146.20745520958533 |
|  508  | 166.55444927509015 | 20.38574405572353  | 146.16870713454026 |
|  509  | 165.8611179293119  | 20.336815758729593 | 145.5243047626202  |
|  510  | 165.86185255784255 | 20.534661112076197 | 145.32718959710536 |
|  511  | 164.47701123359874 | 20.42540771875626  | 144.0516039413061  |
|  512  | 165.28384343073918 | 20.208154138418344 | 145.0756906988682  |
|  513  | 165.85636083358372 | 20.127569983066657 | 145.72879115960538 |
|  514  | 166.57290771484375 | 20.100132845365085 | 146.47277711525942 |
|  515  | 166.33992298615286 | 20.07402164361416  | 146.26590087890625 |
|  516  | 165.63120682153945 |  20.0257946679531  | 145.6054116743039  |
|  517  | 166.0580653107472  | 20.193869740412786 | 145.86419779459635 |
|  518  | 166.12697472205528 | 20.02320064446865  | 146.10377507136417 |
|  519  | 165.01274817833533 | 20.085309810149365 | 144.92743857359275 |
|  520  | 166.52956985864884 |  20.1052479103284  | 146.42432208721453 |
|  521  | 165.71004848382412 | 20.008339233398438 | 145.70171162923177 |
|  522  | 165.35752466446314 | 19.958387224246295 | 145.39913755759216 |
|  523  | 166.1277385535607  |  19.9808972070156  | 146.14683975610978 |
|  524  | 165.85591876690205 | 20.079657905774237 | 145.7762599690755  |
|  525  | 165.8769128574469  |  20.1063856056409  | 145.77052651429787 |
|  526  | 164.50068637945714 | 20.122406416672927 | 144.3782803892478  |
|  527  | 164.94523603390425 | 20.086946174425957 | 144.85829189202724 |
|  528  | 164.74448732033753 | 19.920806460258287 | 144.82368076422276 |
|  529  | 165.0094364890074  | 19.88869579608624  | 145.12074170234877 |
|  530  | 164.74073760203825 | 20.03718439151079  | 144.70355387369793 |
|  531  | 165.5825979379507  | 20.00805396055564  |  145.574541406876  |
|  532  | 166.10178701547477 | 19.87889792613494  | 146.2228866811899  |
|  533  | 165.76365245330027 | 19.880049465864133 | 145.88360417292668 |
|  534  | 164.5850297663762  | 19.926880522507886 | 144.65814553285256 |
|  535  | 166.05099850385616 | 19.81448540125138  | 146.2365136405749  |
|  536  | 164.98540458483575 | 19.90493057446602  | 145.08047682542067 |
|  537  | 164.95901994754107 | 19.75884379264636  | 145.20017485789765 |
|  538  | 166.0865418732472  | 19.770897709773138 | 146.3156451572516  |
|  539  | 166.03386426094252 | 19.83327820802346  | 146.20058465419672 |
|  540  | 166.22447221804887 | 19.76676132789025  | 146.45771022698818 |
|  541  | 165.0627427008213  | 19.92667799925193  | 145.13606229341949 |
|  542  | 164.72707694811697 | 19.87814923408704  | 144.84892495179787 |
|  543  | 164.61933596880007 | 19.828398325993465 | 144.79093967535556 |
|  544  | 165.31047849997495 | 19.774119170751327 | 145.53636181953627 |
|  545  | 164.7223219181941  | 19.68104776235727  | 145.04127225435698 |
|  546  | 163.63462496243991 | 19.837535770122823 | 143.7970927703075  |
|  547  | 164.98219170986079 | 19.972762881547975 | 145.00942695813302 |
|  548  | 164.45623663486577 | 19.709655814537633 | 144.74658185909956 |
|  549  | 165.29949732071313 | 19.611576205522585 | 145.68791906112278 |
|  550  | 164.5656058130509  | 19.82083123818422  | 144.74477304311898 |
|  551  | 165.77207572741386 | 19.821219200721153 | 145.9508582794972  |
|  552  | 164.30740764911357 | 19.70178076915252  | 144.6056260485527  |
|  553  | 164.52295001690203 | 19.760212104992988 | 144.76273451585035 |
|  554  | 164.9470513603015  | 19.786127254779522 | 145.16092062925682 |
|  555  | 164.31936033591245 | 19.717452635153744 | 144.60191058819112 |
|  556  | 165.5508034730569  | 19.703664934207232 | 145.8471353071164  |
|  557  | 164.3620258663862  | 19.85952505062788  | 144.50250095465245 |
|  558  |  165.660600382487  | 19.590998036311223 | 146.06960255158253 |
|  559  | 164.49844205416167 | 19.640932521331006 | 144.85750641651643 |
|  560  | 164.77204236152843 | 19.636188655755458 | 145.13585663624298 |
|  561  | 164.85270548502604 | 19.749117678128755 | 145.10359385955027 |
|  562  | 165.24666453826123 | 19.72138808617225  | 145.52527447040265 |
|  563  | 164.70920934432593 | 19.765727812938202 | 144.94348127316206 |
|  564  | 164.26099623460036 | 19.790660466903294 | 144.47033569335937 |
|  565  | 166.2055862818009  | 19.722069815611228 | 146.48351676745293 |
|  566  | 165.17639382386818 | 19.721355731670673 | 145.45503971980168 |
|  567  | 165.2043938582983  | 19.776512852204153 | 145.42788585173778 |
|  568  | 165.54238494090544 | 19.52682832375551  | 146.0155546061198  |
|  569  | 165.08432463817107 | 19.80188915546124  | 145.2824326109275  |
|  570  | 164.68048782739885 | 19.742284612411108 | 144.93820440830328 |
|  571  | 164.12087709084534 | 19.67756463270921  | 144.44331449068508 |
|  572  | 163.9287688269982  | 19.827068939208985 | 144.10169743464544 |
|  573  | 164.39844557542068 | 19.72465309338692  | 144.67379159780648 |
|  574  | 165.01988860301483 | 19.781345936701847 | 145.23854276216946 |
|  575  | 164.44011552859575 | 19.74797207758977  | 144.69214328863683 |
|  576  | 164.90559280786758 | 19.667757396208934 | 145.2378346448067  |
|  577  | 165.7835103039864  | 19.67962139031826  | 146.10389085036059 |
|  578  | 166.1025376539964  | 19.646386204254934 | 146.45615279760116 |
|  579  | 164.41889543582232 | 19.656729167057918 | 144.7621649952424  |
|  580  | 164.82014216496395 | 19.674207000732423 | 145.14593472994292 |
|  581  | 164.6758174954928  | 19.674537494365985 | 145.00128288073418 |
|  582  | 164.88758778107473 | 19.634642701760317 | 145.25294683994392 |
|  583  | 164.57055158566206 | 19.667339186057067 | 144.90321118477064 |
|  584  | 163.82017230694112 | 19.75706238966722  | 144.06310960036058 |
|  585  | 165.0530072647486  | 19.683261075142102 | 145.36974783090446 |
|  586  | 164.33386405749198 | 19.72461239154522  |  144.609255856245  |
|  587  | 164.6369613725711  | 19.68671338986128  | 144.95024833483575 |
|  588  | 164.99803138146035 | 19.65983480013334  | 145.3381962859325  |
|  589  | 164.98188421787358 | 19.630876717200646 | 145.35100571852465 |
|  590  | 164.64844845502805 | 19.606746278420474 | 145.04169892139925 |
|  591  | 164.97314310709635 | 19.626583985548752 | 145.3465550036308  |
|  592  | 165.3301683161809  | 19.67791132804675  | 145.65225276066707 |
|  593  | 165.4782517966246  | 19.553250583746493 | 145.92499719864284 |
|  594  | 165.01001776279548 | 19.54487444559733  | 145.46514424641927 |
|  595  | 163.5147958608774  | 19.732526978712816 | 143.78227127466445 |
|  596  | 164.8962919577574  | 19.596308748294145 | 145.29998361440806 |
|  597  | 164.36723905123196 | 19.778784083831006 | 144.58845352564103 |
|  598  | 164.95903853978865 | 19.77044862013597  | 145.18859248234676 |
|  599  | 163.74635754707532 | 19.744491264147637 | 144.00186603252703 |
|  600  | 164.9137831624349  | 19.809424221332257 | 145.10436315291966 |
|  601  | 163.97291737091848 | 19.88800906645946  | 144.08491004356972 |
|  602  | 165.21049393091445 | 19.84079178443322  |  145.36969922188   |
|  603  | 165.42522681603066 | 19.696382229144756 | 145.72884618514624 |
|  604  | 165.1535783660106  | 19.740359252538436 | 145.41321841508915 |
|  605  | 164.32990358010318 | 19.87703940562713  | 144.45285990397136 |
|  606  | 164.38812694060496 | 20.00381487919734  | 144.3843112886869  |
|  607  | 164.34328196990185 | 19.83909570351625  | 144.5041807360527  |
|  608  | 165.63895955403646 | 19.764813103309045 | 145.87414815266928 |
|  609  | 165.38874466333633 | 19.864988810221355 | 145.52376087677786 |
|  610  | 165.6812563695663  | 19.65833897712903  | 146.02292184682992 |
|  611  | 164.66512473081931 | 19.794256885235125 | 144.8708639135116  |
|  612  | 165.3479762463692  | 19.81546758211576  | 145.53250818497096 |
|  613  | 164.49594454251803 | 19.903739205384866 | 144.59220490284454 |
|  614  | 165.1397187844301  | 19.972182439168293 | 145.1675321921324  |
|  615  | 165.07194079276843 | 19.945467658409704 | 145.12647080641526 |
|  616  |  165.409480856871  | 19.748688653799203 | 145.6607930501302  |
|  617  | 165.96702797914162 | 19.825270139254055 | 146.14175552759414 |
|  618  | 164.86285563151043 | 19.931917521158855 | 144.9309396127554  |
|  619  | 164.3357993727464  | 19.880616134252303 | 144.45518298026843 |
|  620  | 165.03066223144532 | 19.836015474368363 | 145.19464763934795 |
|  621  | 164.48367359650442 |  19.9121197275015  | 144.5715511380709  |
|  622  | 164.71291333320812 | 19.943765845665563 | 144.76914763621795 |
|  623  | 164.4723629995493  | 19.882630004882813 | 144.58973488832132 |
|  624  | 164.42165989019932 | 20.016857250898312 | 144.4048053135016  |
|  625  | 164.89270839593348 |  19.9050819338285  | 144.98762372921675 |
|  626  | 164.28179859650442 | 19.85796525025979  | 144.42383576221954 |
|  627  | 164.50169145633012 | 19.858384794577574 | 144.64329935709637 |
|  628  | 165.16216438489081 | 19.864230256691958 | 145.29793557191508 |
|  629  | 164.1792085618239  | 19.90580655807104  | 144.27339909480168 |
|  630  | 164.29018884903346 | 19.63131957029685  | 144.65886878380408 |
|  631  | 165.10701092059796 | 19.80681012471517  | 145.3002011343149  |
|  632  | 164.3896915220603  | 19.76482540228428  | 144.62486107459435 |
|  633  | 164.94897115071615 | 19.608080747555462 | 145.34089105068108 |
|  634  | 164.06442462627703 | 19.735974911420772 | 144.32844883062901 |
|  635  | 164.27549327361277 | 19.60258803147536  | 144.6729038649339  |
|  636  | 163.6880751233223  | 19.738584242600663 | 143.94948724208734 |
|  637  | 164.5159345734425  | 19.587297494350334 | 144.9286401210687  |
|  638  | 165.43791026580027 | 19.565214309692383 | 145.87269637670272 |
|  639  | 163.65148537660255 | 19.729046329596105 | 143.92243599133613 |
|  640  | 164.5327534367488  | 19.652722827226686 | 144.88003147223057 |
|  641  | 164.3338892540565  | 19.47728442265437  | 144.85660577236078 |
|  642  | 164.66852451422275 | 19.462630278758514 | 145.20589599609374 |
|  643  | 165.16430649977465 | 19.548355032113882 | 145.61594571627103 |
|  644  | 163.0911318734976  | 19.49888928926908  | 143.59224427834536 |
|  645  | 164.13256583971855 | 19.481682645357573 | 144.65088247445914 |
|  646  | 164.37339213053386 | 19.460910861675554 | 144.9124810634515  |
|  647  | 164.27211349096055 | 19.61085436698718  | 144.6612596091246  |
|  648  | 163.88637825207832 | 19.50225982079139  | 144.38411927834537 |
|  649  | 164.78754295935997 | 19.398266763931666 | 145.38927623259715 |
|  650  | 164.35452888684395 |  19.3771169535319  | 144.97741538023337 |
|  651  | 164.8957454270583  | 19.420480162791716 | 145.47526533077925 |
|  652  |  164.10263282189   | 19.430401775653547 | 144.67222692245093 |
|  653  | 164.88109713040865 | 19.24045601869241  | 145.6406414794922  |
|  654  | 163.41066118289262 | 19.530560557047526 | 143.8801001915565  |
|  655  |  163.736974221254  | 19.368656676854844 | 144.36832032815005 |
|  656  | 164.66823631873498 | 19.48103213579227  | 145.18720243013823 |
|  657  | 164.2072674560547  | 19.37645295363206  | 144.8308214393029  |
|  658  | 165.03654487805488 | 19.287967298458785 | 145.7485760185046  |
|  659  | 164.66160586626103 |  19.2696697469858  | 145.3919408553686  |
|  660  | 164.43951661721255 | 19.326459413186097 | 145.1130580804287  |
|  661  | 163.40225255721654 | 19.38903576581906  | 144.01321885329025 |
|  662  | 163.68426970653044 | 19.273473146878757 | 144.41079261192908 |
|  663  | 163.35784646058693 | 19.218152671227088 | 144.13969374436599 |
|  664  |  163.130196486253  | 19.36278160877717  | 143.76741261017628 |
|  665  | 164.24433285444212 | 19.48321421109713  | 144.76111855531352 |
|  666  | 163.22133355556392 | 19.45243391770583  | 143.76889814327924 |
|  667  | 164.53239987104368 | 19.295242333045373 | 145.23715715457232 |
|  668  | 164.53807620317508 | 19.16311175810985  | 145.37496547601162 |
|  669  | 163.97885426056692 | 19.227446566850713 | 144.75140451284554 |
|  670  | 164.4185353127504  | 19.311394072312574 | 145.10714515099158 |
|  671  | 164.87944836738782 | 19.325720295050207 | 145.5537272761418  |
|  672  |  164.592534758739  | 19.272819955287837 | 145.31971083420973 |
|  673  | 164.1071100792518  | 19.06091675000313  |  145.046194536258  |
|  674  | 163.27544729379508 | 19.386714561658028 | 143.88873162685297 |
|  675  | 165.17579387958233 | 19.220436446361052 | 145.9553535970052  |
|  676  | 162.70413682204025 | 19.177746916550856 | 143.5263924310146  |
|  677  | 163.34306362054286 | 19.303022353343476 | 144.04004374186198 |
|  678  | 164.02790571163862 | 19.07512324993427  | 144.95278285882412 |
|  679  | 163.67799978402945 | 19.275317486494014 | 144.40268103966346 |
|  680  | 164.8241354291867  | 19.17395740606846  | 145.65017532739884 |
|  681  | 163.84835341233475 | 19.133113366151466 | 144.71524038461538 |
|  682  | 162.84423297588643 | 19.267535341702974 | 143.5766982014974  |
|  683  | 163.94781207744893 | 19.240267267471705 | 144.70754613631811 |
|  684  | 164.72356982108874 | 19.18923686296512  | 145.53433510804788 |
|  685  | 164.44462477463944 | 19.20408924983098  | 145.24053535657052 |
|  686  | 164.70320561335637 | 19.093093756651268 | 145.61011346279045 |
|  687  | 163.79145276191906 | 19.21532692151192  | 144.57612547263122 |
|  688  | 163.79636393229165 | 19.310622447087216 | 144.48574228140023 |
|  689  | 163.74534060747195 |  19.2070986918914  | 144.53824206229967 |
|  690  | 164.4775842598157  | 19.17844135969113  | 145.2991446470603  |
|  691  | 162.98491591233474 | 19.33189084762182  | 143.6530211306841  |
|  692  | 163.54374571188902 | 19.24802227704953  | 144.29572037134415 |
|  693  | 164.2345466339894  | 19.08967842493302  | 145.14486592610677 |
|  694  | 163.46425000313002 | 19.26537270374787  | 144.19887859637922 |
|  695  | 163.16851623535158 | 19.021769685011645 | 144.14674651317108 |
|  696  | 163.84336718436998 | 19.230911636352538 | 144.6124549591847  |
|  697  | 164.4865896841196  | 19.22648928128756  | 145.26009728064903 |
|  698  | 164.90872807429386 | 19.28526377360026  | 145.62346479366988 |
|  699  | 164.17725830078126 | 19.099376355684722 | 145.07788067157452 |
|  700  | 164.12795136280548 | 19.041972026335888 | 145.08598127316205 |
|  701  | 164.57092422876602 | 19.201930671105018 | 145.36899575257914 |
|  702  | 163.45649282602164 | 19.192904408772787 | 144.26359162159454 |
|  703  | 162.76918072040263 | 19.10272782350198  | 143.66645204201723 |
|  704  | 163.1404616761819  | 19.06971750308306  | 144.07074275090145 |
|  705  | 165.06329481858472 | 19.27370820656801  | 145.78958485138722 |
|  706  | 163.60354119716547 | 19.205700360811672 | 144.39784060747195 |
|  707  | 165.12012737567608 | 19.137384256216198 | 145.98273842836036 |
|  708  | 165.1992674216246  | 19.176374427599786 | 146.02289322290665 |
|  709  | 165.58462802984775 | 19.190882985041693 | 146.3937476211939  |
|  710  | 164.44359126164363 | 19.129018889207106 | 145.3145721435547  |
|  711  | 163.05293810722156 | 19.173536110902443 | 143.8794050011268  |
|  712  | 163.94453816731772 | 19.166488571166994 | 144.77804595164764 |
|  713  | 163.65789826221956 | 19.274144392747147 | 144.38375807542067 |
|  714  | 163.5932884803185  |  19.2523657422188  | 144.34092430701622 |
|  715  | 163.88043774727063 | 19.215331673255335 | 144.66510527781952 |
|  716  | 163.79068115234375 | 19.216833533262594 | 144.57384814140124 |
|  717  | 163.7086430006761  | 19.499622112176358 | 144.20902102739382 |
|  718  | 163.39715145795773 | 19.206326397626828 | 144.19082640036558 |
|  719  | 164.13472668770032 | 19.261819504957934 | 144.87290920159757 |
|  720  |  163.856249217498  | 19.217948665129832 | 144.63829690004007 |
|  721  | 163.14900955591446 | 19.162587184416942 | 143.9864189108824  |
|  722  | 163.16405940129206 | 19.317783099443485 | 143.84627421061197 |
|  723  | 163.84049936147838 | 19.22031139471592  |  144.620193747496  |
|  724  | 165.07061806703226 | 19.432669918353742 | 145.63794754419573 |
|  725  | 164.18179950420674 | 19.185296689547027 | 144.99650763095954 |
|  726  | 163.3308303128756  | 19.25400924291366  | 144.07682344876804 |
|  727  | 163.58038021772336 | 19.30386251987555  | 144.27651713053385 |
|  728  | 162.80037916917067 | 19.194068544827974 | 143.6063114420573  |
|  729  | 164.0055704283103  | 19.262101076566257 | 144.7434694104317  |
|  730  | 164.25472272824018 | 19.161901450523963 | 145.0928261311849  |
|  731  | 163.86526514297876 | 19.219313728136893 | 144.6459505834335  |
|  732  | 164.90438360752202 | 19.10312252338116  | 145.80126028207633 |
|  733  | 163.9446009396284  | 19.239293692173103 | 144.70530774238782 |
|  734  | 163.8349651160607  | 19.224259463579227 | 144.6107065210587  |
|  735  | 163.3538977363782  |  19.2990624217498  | 144.05483669183192 |
|  736  | 164.00947021484376 | 19.153544241098256 | 144.8559287046775  |
|  737  | 163.5944496819912  | 19.293641032683542 | 144.3008074638171  |
|  738  |  163.644619531876  | 19.228963493934046 | 144.41565511067708 |
|  739  | 163.79245829264323 | 19.24360340607472  | 144.54885701497395 |
|  740  | 163.1209282038762  | 19.225565520066482 | 143.89536193847655 |
|  741  | 163.31451032589644 | 19.259118740375225 | 144.05539290990586 |
|  742  | 163.51023595565405 | 19.358604982816257 | 144.15163253392927 |
|  743  | 164.07583943684895 | 19.217356246556992 | 144.85848106971153 |
|  744  | 163.86377277080828 | 19.273883408766526 | 144.5898893698668  |
|  745  | 163.48653807028745 | 19.205525277944712 | 144.28100903633313 |
|  746  | 163.99613744491185 | 19.20961585607284  | 144.78651891463844 |
|  747  | 163.65427357209035 | 19.163318411020132 | 144.4909561704978  |
|  748  | 164.47864799303886 |  19.2634134771885  | 145.21523489145133 |
|  749  | 162.80750841972156 | 19.103901502169094 | 143.70360850798778 |
|  750  | 162.96391141451323 | 19.207605197613056 | 143.7563074982472  |
|  751  | 164.3584942470453  | 19.162982748960836 | 145.19550825070112 |
|  752  | 164.14881483811598 | 18.999764983348356 | 145.14905361077723 |
|  753  | 163.27092610677084 | 19.229140928219525 | 144.04178995768228 |
|  754  | 164.26777198204627 | 19.015850116045048 | 145.25191650390624 |
|  755  | 162.77215469751602 | 19.00158335563464  | 143.77057432517026 |
|  756  | 163.91098928598257 | 19.222685478406074 | 144.68830464680988 |
|  757  | 162.69431249373997 | 19.044250067686423 | 143.65006100385617 |
|  758  | 164.22696087176982 | 19.189953057704827 | 145.03700481708233 |
|  759  | 164.65357841296074 | 19.12144512861203  | 145.53213372646235 |
|  760  | 164.58460607284155 | 19.082025017371546 | 145.50258210011017 |
|  761  | 164.58898274739585 | 19.366384232349883 | 145.2225982353015  |
|  762  | 162.41906653771034 | 19.35288683573405  | 143.06618023212138 |
|  763  | 163.49524946163862 | 19.374280008169322 | 144.1209741367438  |
|  764  | 162.63691819411056 | 19.318040256989306 | 143.3188728841146  |
|  765  | 162.6346857784956  | 19.424150486481494 | 143.21053438626802 |
|  766  | 164.40250314565805 | 19.135391988509742 | 145.2671142578125  |
|  767  | 164.55893432617188 | 19.14555205125075  | 145.41338095640523 |
|  768  | 164.40454356658154 |  19.0064565042349  | 145.3980871425531  |
|  769  | 164.22610932178986 | 19.068770225720527 | 145.15733974358974 |
|  770  | 163.2367544477414  | 19.09312819847694  | 144.14362591083233 |
|  771  | 163.80126795059596 | 18.932504299848507 | 144.86876295823316 |
|  772  | 163.42970224233775 | 19.194180027888372 | 144.23552252353767 |
|  773  | 163.3024923784305  | 18.854505016620344 | 144.44798681014623 |
|  774  | 163.32591587164464 | 19.002072235498673 | 144.3238435559395  |
|  775  | 162.7604959810697  | 18.99053588671562  | 143.7699588716947  |
|  776  | 162.7247149188702  | 19.180749701475484 | 143.54396493765023 |
|  777  | 164.65629665276944 | 18.980512335361578 | 145.67578043619793 |
|  778  | 164.14974819085538 | 19.050748913104716 | 145.09900334284856 |
|  779  | 163.1450477013221  |  18.9537911713429  | 144.19125771546976 |
|  780  | 163.0484311773838  | 18.95184284308018  | 144.09658954326923 |
|  781  | 163.3227876164363  | 18.94701975700183  | 144.37576592861078 |
|  782  | 163.86584289550783 | 19.01965986007299  | 144.84618204752604 |
|  783  | 163.37939906976163 | 18.829824608044746 | 144.54957823142027 |
|  784  | 163.78133541791868 | 18.852692129673102 |  144.928646490635  |
|  785  | 164.01020844288362 | 18.974289267124274 | 145.03592208471053 |
|  786  | 163.8729869196965  | 18.899378920335035 | 144.97360298352365 |
|  787  | 163.6964360946264  | 18.844470596313478 | 144.8519657858824  |
|  788  |  163.377757427509  | 18.95363762488732  | 144.42411854279348 |
|  789  | 163.12422727927182 | 18.788390954824596 | 144.3358376214443  |
|  790  | 162.0660002723107  | 18.881226360614484 | 143.18477740948018 |
|  791  | 163.5469017146184  | 18.92577969477727  | 144.6211234694261  |
|  792  | 162.84915829389524 | 18.919512978578226 | 143.92964306953627 |
|  793  | 163.1072971911308  | 18.86655449891702  | 144.24074450370594 |
|  794  | 162.6461167086088  | 18.837690200805664 | 143.80842591897036 |
|  795  | 163.38439259064504 | 18.864215342203774 | 144.52017931815905 |
|  796  | 163.64370987329727 | 18.698128339327297 | 144.94558606270033 |
|  797  | 163.71917397523538 | 18.749092810215092 | 144.97007682604666 |
|  798  | 163.62999885754706 | 18.947731053278996 | 144.68226722130407 |
|  799  | 162.2371840256911  | 18.854035939925755 | 143.38315196501904 |
|  800  | 163.3890961319361  | 18.849740633842273 | 144.53935348119492 |
|  801  | 162.5935791015625  | 18.956999721038034 | 143.63658016889522 |
|  802  | 164.66515438764523 | 18.68331890595265  | 145.98183205629007 |
|  803  | 164.48873904497196 | 18.697478837233323 | 145.79125663561697 |
|  804  | 163.0767550424429  | 18.62683058909881  | 144.44992240710135 |
|  805  | 163.38290337978265 | 18.75478156652206  | 144.62811866173377 |
|  806  | 164.54787481845955 | 18.71153903863369  | 145.83633430676582 |
|  807  | 162.66311161921575 | 18.79112490922977  | 143.8719844563802  |
|  808  | 163.37135471441806 | 18.634823717948716 | 144.73653162247095 |
|  809  | 163.2513215989333  | 18.82114219861153  | 144.43018021021135 |
|  810  | 163.68076583471054 | 18.770716816828802 | 144.91004928197617 |
|  811  | 163.23329583583734 | 18.77195882748335  | 144.46133416591547 |
|  812  | 162.81668375651043 | 18.859338637131913 | 143.95734235714644 |
|  813  | 163.25557274451623 | 18.640771678044246 | 144.6148010879908  |
|  814  | 163.73845327524037 | 18.71474039909167  | 145.0237119860527  |
|  815  | 163.44765357384316 | 18.698252974290114 | 144.74940404647435 |
|  816  | 164.2055073742989  | 18.726659911718123 | 145.47884973770533 |
|  817  | 161.7042241336138  | 18.849370643420098 | 142.85485797588643 |
|  818  | 164.32773493840145 | 18.736040299244415 | 145.59169782589643 |
|  819  | 161.89395809858274 | 18.799326682457558 | 143.09462712214543 |
|  820  | 163.53730608035357 | 18.779956768720577 | 144.7573505421174  |
|  821  | 163.5118735914964  | 18.76630284431653  | 144.74556920760716 |
|  822  | 162.75863091884514 |  18.8345507421249  | 143.9240801532452  |
|  823  | 163.14557953663362 | 18.76235260596642  | 144.38322321965146 |
|  824  | 163.30207845052084 | 18.749041176820413 | 144.55303989508212 |
|  825  | 162.54991329877805 | 18.820125325520834 | 143.72978748810596 |
|  826  | 163.16572126339642 | 18.908887244982598 | 144.2568298496344  |
|  827  | 163.88917205028045 | 18.815873487423627 | 145.07329837114384 |
|  828  | 162.6886149245042  | 18.799655374380258 | 143.88896111904046 |
|  829  | 163.4650503148788  | 18.795581213144157 | 144.66946681878505 |
|  830  | 163.84235958784055 | 18.829235415336413 | 145.01312969501203 |
|  831  | 163.42871632111377 | 18.748189955491284 | 144.6805275002504  |
|  832  | 163.54012588892226 | 18.783172018589116 | 144.75695276504908 |
|  833  | 163.59341856345154 | 18.72951329744779  | 144.86390241574017 |
|  834  | 162.96001760629508 | 18.75772129352276  | 144.20229316907051 |
|  835  | 163.92224590594952 | 18.765023807623447 | 145.15722466884515 |
|  836  | 164.4225612542568  | 18.683799857115133 | 145.73876020382613 |
|  837  | 164.01370700933995 | 18.85816138634315  | 145.15554410494292 |
|  838  | 164.25227836413262 | 18.789768338325697 | 145.46251406938603 |
|  839  | 162.5697987091847  | 18.873845821282803 | 143.6959495661809  |
|  840  | 163.26974822215544 | 18.73940738775791  | 144.53033932416866 |
|  841  | 161.9729053203876  | 18.79251871940417  | 143.1803892164964  |
|  842  | 162.9698228102464  | 18.742644737439278 | 144.22718084873298 |
|  843  | 163.78621926332133 | 18.683595567360904 | 145.10262490296975 |
|  844  | 164.32822885366588 | 18.84790785569411  | 145.48032012156952 |
|  845  | 163.76508466671675 | 18.983662819495567 | 144.78142362154446 |
|  846  | 164.20067032251603 | 18.787953092134916 | 145.41271762945712 |
|  847  | 162.53929217998797 |  18.8461598440317  | 143.69313201121795 |
|  848  | 162.42329732259114 | 18.841184490888548 | 143.58211040790263 |
|  849  | 162.93937304374498 | 18.93908455481896  | 144.00028717823517 |
|  850  | 163.61758595002004 | 18.738860591008113 | 144.87872735439203 |
|  851  | 162.3989912140675  | 18.769779336391352 | 143.62921660594452 |
|  852  | 163.32213400816306 | 18.846461050571538 | 144.47567318647336 |
|  853  | 163.02347127278645 | 18.765679469964443 | 144.25779080904448 |
|  854  | 164.56987799228767 | 18.956832799666966 | 145.6130469532502  |
|  855  | 163.74934565617488 | 18.844981955503805 | 144.90436545347555 |
|  856  | 163.5564017584385  | 18.94622504601112  | 144.6101749674479  |
|  857  | 163.16815213716947 | 18.749560184967823 | 144.41858935233873 |
|  858  | 163.2103897642478  | 19.01925517938076  | 144.19113739796174 |
|  859  | 164.38734185634516 | 18.833230076325247 | 145.5541137538812  |
|  860  | 163.32842335236379 | 18.67266726958446  | 144.65575642903647 |
|  861  | 164.4450084353716  | 18.804116412431767 | 145.64089080028046 |
|  862  | 164.03085317758413 | 19.068311511308718 | 144.96253912510016 |
|  863  | 164.6533554311899  | 19.095681083874826 | 145.55767182178985 |
|  864  | 162.3921906613081  | 19.053417728130633 | 143.33877516526442 |
|  865  | 163.20998084435095 | 18.771198270748823 | 144.4387861672426  |
|  866  | 163.6986723914513  | 18.844022895617364 | 144.85465127015726 |
|  867  | 162.84178537222056 | 18.964797596075595 | 143.87699240660055 |
|  868  | 162.47852255796775 | 18.747804559560922 | 143.7307173352364  |
|  869  | 163.87555541992188 | 18.769107767740884 | 145.1064464080028  |
|  870  | 163.24321567633214 | 18.796807249020308 | 144.44641296386717 |
|  871  | 162.9171545723157  | 18.83384466513609  | 144.08330779246796 |
|  872  | 164.82636321238982 | 18.75957503489959  | 146.06678696852464 |
|  873  | 163.24650495480267 | 18.75671773861616  | 144.48978798890724 |
|  874  | 163.18277303059895 | 18.893126334165917 | 144.2896465281951  |
|  875  | 164.16077001327125 | 18.77243416810647  | 145.38833857609674 |
|  876  | 163.23711798252202 | 18.807781583345854 | 144.4293353897486  |
|  877  | 164.07831447503506 | 18.825116354135368 | 145.2532034380008  |
|  878  | 163.63501630734174 | 18.825461998963966 | 144.80955452160958 |
|  879  | 163.24959306765825 | 18.93449916741787  | 144.31509377504005 |
|  880  | 162.46743826059193 | 18.90906684288612  | 143.55837654309394 |
|  881  | 163.45015005258412 | 18.830222490750828 | 144.61992991912058 |
|  882  | 162.46347260303986 | 19.01112424214681  | 143.45234587840545 |
|  883  | 162.92146670610478 | 18.955622889200846 | 143.9658480130709  |
|  884  | 163.1945240196815  | 18.862461256369567 | 144.3320665251903  |
|  885  | 163.03246796436798 | 18.699314268063276 | 144.33315409342447 |
|  886  | 163.39766138321315 | 18.800972706721378 | 144.59669187888122 |
|  887  | 162.58823248447516 | 18.76059439047789  | 143.8276393010066  |
|  888  | 162.22641745542867 | 18.833995376978166 | 143.39242545885918 |
|  889  | 163.29819523737982 | 18.75573067689553  | 144.54246419270834 |
|  890  | 162.14345376039162 | 18.723225181775216 | 143.4202269881811  |
|  891  | 162.6358607052534  | 18.828763650747447 | 143.80709737141927 |
|  892  | 162.86494802621695 | 18.65442015623435  | 144.21053278996393 |
|  893  | 162.40013100648537 | 18.67347197703826  | 143.72665802784456 |
|  894  | 162.27970260228867 | 18.867540109096428 | 143.41216552734375 |
|  895  | 163.34904118464544 | 18.64121715252216  | 144.70782437838042 |
|  896  | 163.0449476193159  | 18.94213034018492  | 144.10281772711338 |
|  897  | 163.32738245254907 | 18.846357181255634 | 144.48102273011818 |
|  898  | 162.14714095678085 | 18.933879912938828 | 143.2132548483824  |
|  899  | 163.0088733223157  | 18.908389857365535 | 144.10048177083334 |
|  900  | 162.31987196702224 | 18.915829362135668 | 143.40404317220052 |
|  901  | 162.80252324030948 | 18.566526579245544 | 144.2359971110026  |
|  902  | 163.76148094764122 | 18.767724259205355 | 144.99375816932093 |
|  903  | 162.58226222894132 | 18.776507986997945 | 143.80575606908553 |
|  904  | 162.9022290195563  |  18.5618889050606  | 144.34033674191207 |
|  905  | 163.17552493364383 | 18.651133612608298 | 144.52439029008914 |
|  906  | 162.7260899626903  | 18.675871853950696 | 144.05021287184496 |
|  907  | 162.93278303097455 | 18.816565056825297 | 144.11621924767127 |
|  908  | 161.58290467873599 | 18.727466833652596 | 142.85543940617487 |
|  909  | 163.2489501170623  | 18.649657352154072 | 144.5992917261368  |
|  910  | 162.38236057379308 | 18.641679474268205 | 143.74067672338242 |
|  911  | 163.26856978978867 | 18.480937251555613 | 144.78763036483375 |
|  912  | 163.1424635197566  | 18.561795192620693 | 144.58066817846054 |
|  913  | 163.4799543331831  | 18.626027661837064 | 144.8539259064503  |
|  914  | 163.6299062875601  | 18.59230701935597  | 145.03759825095153 |
|  915  | 163.11973675067608 | 18.58697390238444  | 144.5327649551783  |
|  916  | 162.5626383620042  | 18.548035262670272 | 144.01460596329127 |
|  917  | 162.77032584948418 | 18.615421919211364 | 144.1549046443059  |
|  918  | 162.43683424729568 | 18.561700224265074 | 143.87513443384415 |
|  919  | 163.72739757048777 | 18.380318396152592 | 145.34708374023438 |
|  920  | 163.76099568684896 | 18.51183454660269  | 145.24915973369892 |
|  921  | 163.02377076760317 | 18.493070798042492 | 144.53069869603866 |
|  922  | 163.1471040226863  | 18.555354146712865 | 144.59174508901742 |
|  923  | 162.26926400991587 |  18.464900195782   | 143.8043649996244  |
|  924  | 163.91110689603366 | 18.369525664891952 | 145.54158018454527 |
|  925  | 163.03159702398838 | 18.48524603232359  | 144.5463494090545  |
|  926  | 163.47515631260015 | 18.503047708364633 | 144.97210552509014 |
|  927  | 162.54548278808593 | 18.596377561520306 | 143.9491037535056  |
|  928  | 161.63332200270432 | 18.51804938291892  | 143.11527206029646 |
|  929  | 162.3639253586989  | 18.619113219823593 | 143.74480889736077 |
|  930  | 161.86610963479066 | 18.485317862094977 | 143.3807913599259  |
|  931  | 161.7656060947516  | 18.444307123819986 | 143.32129760742188 |
|  932  | 162.11756659092046 | 18.400624642005333 | 143.71693853916267 |
|  933  | 163.57650520520332 | 18.435442436413886 | 145.14106435922477 |
|  934  | 162.77408071664664 | 18.518710084572817 | 144.2553682767428  |
|  935  | 163.22708081367688 | 18.388271255493166 | 144.83880596454327 |
|  936  | 162.35616088867187 | 18.578739798130133 | 143.77742093599758 |
|  937  | 162.19453131260016 | 18.510213368733723 | 143.6843206317608  |
|  938  | 162.38068869566305 | 18.470621009239785 | 143.91006968962841 |
|  939  | 163.09986544095554 | 18.322956304305638 | 144.77690770858374 |
|  940  | 163.3548748466296  | 18.45703315147987  |  144.897842188126  |
|  941  | 161.7188432116386  | 18.510179093189727 | 143.20866883889224 |
|  942  | 162.81540168957832 | 18.539544826409756 | 144.27586286495892 |
|  943  | 162.32593995705628 | 18.587784877679287 | 143.7381525753706  |
|  944  | 162.12437080578925 | 18.529300623184596 | 143.5950684376252  |
|  945  | 161.95383476061699 | 18.504105803660856 | 143.44972770495292 |
|  946  | 163.21887903458034 | 18.45331088726337  | 144.7655659680489  |
|  947  | 163.59728201059195 | 18.471018844995744 | 145.12626261393228 |
|  948  | 162.71585298978366 | 18.56357773022774  | 144.1522737943209  |
|  949  | 163.30468505859375 | 18.466694780007387 | 144.83798892290164 |
|  950  | 161.0905830891927  | 18.61311075259478  | 142.47747317583134 |
|  951  | 162.82670849922377 | 18.405507106291942 | 144.42120403583232 |
|  952  | 162.66312107183995 | 18.473149654681865 | 144.18997131347658 |
|  953  | 162.69375068860177 | 18.388779611832057 | 144.30496852776943 |
|  954  | 163.14520928798578 | 18.517457631429036 | 144.6277486008864  |
|  955  | 161.8962055538862  | 18.503451504829602 | 143.39275007199018 |
|  956  | 161.65230869391024 | 18.514855413192358 | 143.1374452248598  |
|  957  | 162.57284572503505 | 18.454341127444536 | 144.11850418482072 |
|  958  | 163.18196691268528 | 18.458915823912008 | 144.72305441831932 |
|  959  | 163.2675755114433  | 18.465400641025642 | 144.80218088003306 |
|  960  | 163.00879061185395 | 18.624953135955028 | 144.38383698292267 |
|  961  | 162.48018334021936 | 18.49120841001853  | 143.9889790226863  |
|  962  | 162.78715926732772 |  18.5371518159524  | 144.25000719901843 |
|  963  | 162.81049432216545 | 18.592273479363858 | 144.2182224997496  |
|  964  | 162.83473204001402 | 18.52790726099259  | 144.30682678222655 |
|  965  | 161.5568585518079  | 18.524854732415616 | 143.0320043788812  |
|  966  | 162.60662428635817 | 18.44585464477539  | 144.16076984112078 |
|  967  | 163.07590651292068 | 18.467131333962463 | 144.60877414801183 |
|  968  | 163.83195071489382 | 18.54262252416366  | 145.28933005308494 |
|  969  | 163.87072044959436 | 18.292446165818433 | 145.5782758663862  |
|  970  | 162.29551591922075 | 18.41018112573868  | 143.88533240685095 |
|  971  | 162.5365496826172  | 18.393912126590045 | 144.14263592059797 |
|  972  | 162.33504200470753 | 18.584882900531476 | 143.75015931740785 |
|  973  | 163.20769548465043 | 18.33693387153821  | 144.87076506785857 |
|  974  | 161.66753627679287 | 18.574955029609875 | 143.0925794865535  |
|  975  | 163.11802255483775 | 18.632644134912734 | 144.48537807366787 |
|  976  | 163.5409938714443  | 18.530847748976488 | 145.01014847193008 |
|  977  | 162.4493611027644  | 18.47667659857334  | 143.97268672062802 |
|  978  | 162.97645869328426 | 18.46841979002341  |  144.508035935622  |
|  979  | 163.02646356044673 | 18.54562232775566  | 144.4808429268079  |
|  980  | 162.66549920497798 | 18.52692937215169  | 144.13857227814503 |
|  981  | 162.0858674191206  | 18.52540640219664  | 143.56046486879006 |
|  982  | 162.93675573104468 | 18.555275505261545 | 144.38148295084636 |
|  983  | 164.9560301169371  | 19.632043920663687 | 145.3239839054988  |
|  984  | 163.39234899276343 | 18.85071066049429  | 144.54164120405147 |
|  985  | 162.81477243276743 | 18.514748404087165 | 144.3000283578726  |
|  986  | 163.04856482872597 | 18.58435501098633  | 144.4642103928786  |
|  987  | 161.4255805851863  | 18.74130434280787  | 142.68427778195112 |
|  988  | 163.7802005865635  | 18.950224439180815 | 144.82997747959234 |
|  989  | 162.28845676519933 | 18.63884639837803  | 143.64960771609574 |
|  990  | 162.0531381616837  | 18.640225830078126 | 143.4129093424479  |
|  991  | 162.9408766369942  | 18.731052578657103 | 144.20982162084334 |
|  992  | 163.1326337452424  | 18.62243773435935  | 144.51019703400442 |
|  993  | 163.2147226186899  | 18.51379145304362  | 144.70092482346755 |
|  994  | 162.24843936235476 | 18.551996651673928 | 143.6964385203826  |
|  995  | 162.99984988481572 | 18.55829629751352  | 144.44155373597758 |
|  996  | 161.77721725072615 |  18.4056974596855  | 143.37151680188302 |
|  997  | 163.40428926908052 | 18.485510903382913 | 144.9187776223207  |
|  998  | 162.84712493113983 | 18.509673706445938 | 144.33745095277445 |
|  999  | 161.97491819724058 | 18.691215517092974 | 143.28369813576722 |
|  1000 | 164.12846459021935 | 18.55645739041842  | 145.57200586563502 |
+-------+--------------------+--------------------+--------------------+