+-------+--------------------+--------------------+------------------------+
| Epoch |     total_loss     |      dt_loss       |       type_loss        |
+-------+--------------------+--------------------+------------------------+
|   1   | 20.62909103980431  | 20.62909003820175  | 1.5535542303414564e-06 |
|   2   | 17.695463904356345 | 17.695461997007712 | 1.5535542303414564e-06 |
|   3   | 16.77133887853378  | 16.771336971185146 | 1.5535542303414564e-06 |
|   4   | 16.800053470318133 | 16.800053470318133 | 1.5535542303414564e-06 |
|   5   | 16.848857232118263 | 16.848856326372196 | 1.5535542303414564e-06 |
|   6   | 16.46414680872208  | 16.464144997229944 | 1.5535542303414564e-06 |
|   7   | 16.31586234850761  | 16.31586044115898  | 1.5535542303414564e-06 |
|   8   | 16.16086833269168  | 16.16086642534305  | 1.5535542303414564e-06 |
|   9   | 16.292823149852264 | 16.292822244106194 | 1.5535542303414564e-06 |
|   10  | 16.09442010537172  | 16.09441919962565  | 1.5535542303414564e-06 |
|   11  | 16.056216837565103 | 16.056215931819036 | 1.5535542303414564e-06 |
|   12  | 15.902053951361241 | 15.90205254481389  | 1.5535542303414564e-06 |
|   13  | 15.936208313183906 | 15.936205857105744 | 1.5535542303414564e-06 |
|   14  | 15.804450716850084 | 15.804449715247522 | 1.5535542303414564e-06 |
|   15  | 15.742891632471329 | 15.742889272249663 | 1.5535542303414564e-06 |
|   16  | 15.740150364606809 | 15.740148457258176 | 1.5535542303414564e-06 |
|   17  | 15.718574334169045 | 15.718572927621695 | 1.5535542303414564e-06 |
|   18  | 15.588253232515775 | 15.588250872294108 | 1.5535542303414564e-06 |
|   19  | 15.579750598027156 | 15.57974873860677  | 1.5535542303414564e-06 |
|   20  | 15.471475566961827 | 15.471473659613194 | 1.5535542303414564e-06 |
|   21  | 15.390569913815229 | 15.390568006466596 | 1.5535542303414564e-06 |
|   22  |  15.3380125388121  | 15.338010631463467 | 1.5535542303414564e-06 |
|   23  | 15.364844681177384 | 15.364843274630033 | 1.5535542303414564e-06 |
|   24  | 15.098811905689729 | 15.098809998341096 | 1.5535542303414564e-06 |
|   25  | 15.158214374444423 | 15.158213420770107 | 1.5535542303414564e-06 |
|   26  | 15.057144442827274 | 15.057142535478642 | 1.5535542303414564e-06 |
|   27  | 14.901964461497771 | 14.901963007022173 | 1.5535542303414564e-06 |
|   28  | 14.869144082680727 | 14.869143629807692 | 1.5535542303414564e-06 |
|   29  | 14.811775202628894 | 14.811773295280261 | 1.5535542303414564e-06 |
|   30  | 14.758643670693422 | 14.758641763344789 | 1.5535542303414564e-06 |
|   31  | 14.570519803365071 | 14.570518348889474 | 1.5535542303414564e-06 |
|   32  | 14.598585004561986 | 14.598583097213353 | 1.5535542303414564e-06 |
|   33  | 14.686835033710187 | 14.686833579234587 | 1.5535542303414564e-06 |
|   34  | 14.43993166018755  | 14.439930754441482 | 1.5535542303414564e-06 |
|   35  | 14.44229351924016  | 14.442292112692808 | 1.5535542303414564e-06 |
|   36  | 14.310735971499712 | 14.31073406415108  | 1.5535542303414564e-06 |
|   37  | 14.399236812102489 | 14.399234904753856 | 1.5535542303414564e-06 |
|   38  | 14.302476241282928 | 14.302474834735577 | 1.5535542303414564e-06 |
|   39  | 14.353090164967073 | 14.353088758419721 | 1.5535542303414564e-06 |
|   40  | 14.283288083198743 | 14.28328617585011  | 1.5535542303414564e-06 |
|   41  | 14.210731477981959 | 14.210729570633326 | 1.5535542303414564e-06 |
|   42  | 14.197033284505208 | 14.197030924283542 | 1.5535542303414564e-06 |
|   43  | 14.230570655235878 | 14.230568747887245 | 1.5535542303414564e-06 |
|   44  | 14.245229520553197 |  14.2452280660776  | 1.5535542303414564e-06 |
|   45  | 14.22853037516276  | 14.22852987436148  | 1.5535542303414564e-06 |
|   46  | 14.176486183557754 | 14.176484276209122 | 1.5535542303414564e-06 |
|   47  | 14.054734402191945 | 14.054733496445875 | 1.5535542303414564e-06 |
|   48  | 14.095063810103978 | 14.095061902755345 | 1.5535542303414564e-06 |
|   49  | 14.166497198251578 | 14.166495290902946 | 1.5535542303414564e-06 |
|   50  | 14.198206735268617 | 14.198205280793019 | 1.5535542303414564e-06 |
|   51  | 14.149072135534041 | 14.149070728986691 | 1.5535542303414564e-06 |
|   52  | 14.157991694914989 | 14.157990240439391 | 1.5535542303414564e-06 |
|   53  | 14.009981688474998 | 14.009980233999398 | 1.5535542303414564e-06 |
|   54  |  14.0981679779444  | 14.098166070595767 | 1.5535542303414564e-06 |
|   55  | 14.029669919136243 | 14.029667510986329 | 1.5535542303414564e-06 |
|   56  | 14.089704651465782 | 14.089703196990184 | 1.5535542303414564e-06 |
|   57  | 14.053123245239258 | 14.05312179076366  | 1.5535542303414564e-06 |
|   58  | 14.042994740804037 | 14.042993286328437 | 1.5535542303414564e-06 |
|   59  | 14.07753200041942  | 14.077530093070788 | 1.5535542303414564e-06 |
|   60  | 13.989781661400428 | 13.98978075565436  | 1.5535542303414564e-06 |
|   61  | 13.908710654821151 | 13.908708747472518 | 1.5535542303414564e-06 |
|   62  | 14.117156738868127 | 14.117155332320776 | 1.5535542303414564e-06 |
|   63  | 13.947533329694698 | 13.947532328092136 | 1.5535542303414564e-06 |
|   64  | 14.013434939262195 | 14.013433532714844 | 1.5535542303414564e-06 |
|   65  | 14.009407376020382 | 14.009405921544785 | 1.5535542303414564e-06 |
|   66  | 13.85088510170961  | 13.850883194360977 | 1.5535542303414564e-06 |
|   67  | 13.98904337271666  | 13.989042419042343 | 1.5535542303414564e-06 |
|   68  | 13.936165707906087 | 13.936163800557454 | 1.5535542303414564e-06 |
|   69  | 14.128339531727326 | 14.128339078854292 | 1.5535542303414564e-06 |
|   70  | 14.092640713422727 | 14.092638854002342 | 1.5535542303414564e-06 |
|   71  | 13.912545403700609 | 13.912543496351976 | 1.5535542303414564e-06 |
|   72  | 13.922367436335637 | 13.922365981860038 | 1.5535542303414564e-06 |
|   73  | 14.033929140139849 | 14.033927232791216 | 1.5535542303414564e-06 |
|   74  | 13.987040258554313 | 13.987037898332645 | 1.5535542303414564e-06 |
|   75  | 13.939855495355069 | 13.939854493752504 | 1.5535542303414564e-06 |
|   76  | 14.004500971084987 | 14.004499063736354 | 1.5535542303414564e-06 |
|   77  | 13.852494102869278 | 13.852492696321928 | 1.5535542303414564e-06 |
|   78  | 13.914922712277143 | 13.91492171067458  | 1.5535542303414564e-06 |
|   79  | 14.039824674557417 | 14.03982231433575  | 1.5535542303414564e-06 |
|   80  | 13.878484867780637 | 13.878482960432004 | 1.5535542303414564e-06 |
|   81  | 13.927374964983036 | 13.927373558435685 | 1.5535542303414564e-06 |
|   82  | 13.961181323711688 | 13.961180370037372 | 1.5535542303414564e-06 |
|   83  | 14.056733784797864 | 14.056732426178762 | 1.5535542303414564e-06 |
|   84  | 13.949333076477052 | 13.949331169128419 | 1.5535542303414564e-06 |
|   85  | 13.927395081153282 | 13.927393626677684 | 1.5535542303414564e-06 |
|   86  | 13.87465340638772  | 13.874651046166052 | 1.5535542303414564e-06 |
|   87  | 13.948003700451974 | 13.948002245976374 | 1.5535542303414564e-06 |
|   88  | 13.942677234747471 | 13.94267673394619  | 1.5535542303414564e-06 |
|   89  | 13.972374427991035 | 13.972372973515437 | 1.5535542303414564e-06 |
|   90  | 14.003895145318447 | 14.003893237969814 | 1.5535542303414564e-06 |
|   91  | 13.87756281828269  | 13.877560910934058 | 1.5535542303414564e-06 |
|   92  | 14.004086758540227 | 14.004086305667192 | 1.5535542303414564e-06 |
|   93  |  13.8273593941713  |  13.8273579396957  | 1.5535542303414564e-06 |
|   94  | 13.994619816511106 | 13.994618910765036 | 1.5535542303414564e-06 |
|   95  | 13.843488245254909 | 13.843487291580592 | 1.5535542303414564e-06 |
|   96  | 13.839473063151042 | 13.839471155802409 | 1.5535542303414564e-06 |
|   97  | 13.90225056183644  | 13.902248201614771 | 1.5535542303414564e-06 |
|   98  | 13.916997510469876 | 13.916995603121244 | 1.5535542303414564e-06 |
|   99  | 13.879232456500713 | 13.879231002025115 | 1.5535542303414564e-06 |
|  100  | 14.015659095568534 | 14.015656735346868 | 1.5535542303414564e-06 |
|  101  | 13.908841141920822 | 13.90883978330172  | 1.5535542303414564e-06 |
|  102  | 13.93385913457626  | 13.933856774354592 | 1.5535542303414564e-06 |
|  103  | 13.798589079441168 | 13.798588125766852 | 1.5535542303414564e-06 |
|  104  | 13.90540285941882  | 13.905401404943222 | 1.5535542303414564e-06 |
|  105  | 13.912516829661834 | 13.91251582805927  | 1.5535542303414564e-06 |
|  106  | 13.846935636080229 | 13.846933728731596 | 1.5535542303414564e-06 |
|  107  | 13.808870654962002 | 13.808869701287685 | 1.5535542303414564e-06 |
|  108  | 13.853844080215845 | 13.853842172867212 | 1.5535542303414564e-06 |
|  109  | 13.814742434575008 | 13.814740980099408 | 1.5535542303414564e-06 |
|  110  | 13.827608489990235 | 13.827607536315918 | 1.5535542303414564e-06 |
|  111  | 13.930292733021272 | 13.930291779346955 | 1.5535542303414564e-06 |
|  112  | 13.871014883579353 | 13.87101297623072  | 1.5535542303414564e-06 |
|  113  | 13.847575221917568 | 13.84757376744197  | 1.5535542303414564e-06 |
|  114  | 13.67233355302077  | 13.672331645672138 | 1.5535542303414564e-06 |
|  115  | 13.797783074990297 | 13.797781167641665 | 1.5535542303414564e-06 |
|  116  | 13.879987078935672 | 13.879985624460074 | 1.5535542303414564e-06 |
|  117  | 13.824101204505334 | 13.824099297156701 | 1.5535542303414564e-06 |
|  118  | 13.760076517936511 | 13.760074610587878 | 1.5535542303414564e-06 |
|  119  | 13.837288490686662 | 13.837287036211062 | 1.5535542303414564e-06 |
|  120  | 13.854281147687862 | 13.854279741140513 | 1.5535542303414564e-06 |
|  121  | 13.827682155706944 | 13.82768115410438  | 1.5535542303414564e-06 |
|  122  | 13.805198248838767 | 13.805197748037484 | 1.5535542303414564e-06 |
|  123  | 13.813427250201885 | 13.813425795726287 | 1.5535542303414564e-06 |
|  124  | 13.864326760707758 | 13.864325306232159 | 1.5535542303414564e-06 |
|  125  | 13.776397481086926 | 13.776396026611328 | 1.5535542303414564e-06 |
|  126  | 13.831769963777981 | 13.831768509302384 | 1.5535542303414564e-06 |
|  127  | 13.841108675247584 | 13.841106767898951 | 1.5535542303414564e-06 |
|  128  | 13.807905123783993 | 13.807902763562325 | 1.5535542303414564e-06 |
|  129  | 13.82748713077643  | 13.827485223427797 | 1.5535542303414564e-06 |
|  130  | 13.784234705215844 | 13.784233250740247 | 1.5535542303414564e-06 |
|  131  | 13.723157669458633 |   13.72315576211   | 1.5535542303414564e-06 |
|  132  | 13.901769145085261 | 13.901767690609663 | 1.5535542303414564e-06 |
|  133  | 13.749583334311462 | 13.749582332708897 | 1.5535542303414564e-06 |
|  134  | 13.683791959713666 | 13.683790052365033 | 1.5535542303414564e-06 |
|  135  |  13.7273584766877  | 13.727356569339067 | 1.5535542303414564e-06 |
|  136  | 13.750148547245907 | 13.750147092770307 | 1.5535542303414564e-06 |
|  137  | 13.787484915317632 | 13.787484915317632 | 1.5535542303414564e-06 |
|  138  | 13.667220102945963 | 13.667217742724297 | 1.5535542303414564e-06 |
|  139  | 13.715787123655662 | 13.715785669180063 | 1.5535542303414564e-06 |
|  140  | 13.769477887275892 | 13.769476432800293 | 1.5535542303414564e-06 |
|  141  | 13.74822308369172  | 13.748220675541804 | 1.5535542303414564e-06 |
|  142  | 13.698606820717837 | 13.69860496129745  | 1.5535542303414564e-06 |
|  143  | 13.689002269842685 | 13.689000362494053 | 1.5535542303414564e-06 |
|  144  | 13.679102854606432 | 13.679102401733399 | 1.5535542303414564e-06 |
|  145  | 13.768917572803986 | 13.768916166256636 | 1.5535542303414564e-06 |
|  146  | 13.641509591127054 | 13.641508136651455 | 1.5535542303414564e-06 |
|  147  | 13.616527107434395 | 13.616525200085762 | 1.5535542303414564e-06 |
|  148  | 13.698482180864383 | 13.698480726388784 | 1.5535542303414564e-06 |
|  149  | 13.770635064932016 | 13.77063270471035  | 1.5535542303414564e-06 |
|  150  | 13.819283226208809 | 13.819281819661459 | 1.5535542303414564e-06 |
|  151  | 13.769689880762344 | 13.769687973413712 | 1.5535542303414564e-06 |
|  152  | 13.747119397872533 | 13.747117037650867 | 1.5535542303414564e-06 |
|  153  | 13.726159358880459 | 13.72615699865879  | 1.5535542303414564e-06 |
|  154  | 13.715522465828137 | 13.715520558479504 | 1.5535542303414564e-06 |
|  155  | 13.825106860429813 | 13.82510495308118  | 1.5535542303414564e-06 |
|  156  | 13.788330018459222 | 13.788329064784905 | 1.5535542303414564e-06 |
|  157  | 13.653059329497509 | 13.653057422148876 | 1.5535542303414564e-06 |
|  158  | 13.702454879956369 | 13.702453425480769 | 1.5535542303414564e-06 |
|  159  | 13.661803735586313 | 13.66180182823768  | 1.5535542303414564e-06 |
|  160  | 13.675305184584397 |  13.6753037301088  | 1.5535542303414564e-06 |
|  161  | 13.709800656636556 | 13.709798296414888 | 1.5535542303414564e-06 |
|  162  | 13.682621370951335 | 13.682619916475737 | 1.5535542303414564e-06 |
|  163  | 13.773885498046875 | 13.773884091499525 | 1.5535542303414564e-06 |
|  164  | 13.79569194891514  | 13.79569049443954  | 1.5535542303414564e-06 |
|  165  | 13.83226583334116  | 13.832264879666843 | 1.5535542303414564e-06 |
|  166  | 13.800375485542492 | 13.80037357819386  | 1.5535542303414564e-06 |
|  167  | 13.665421096606133 | 13.665420643733098 | 1.5535542303414564e-06 |
|  168  | 13.705918184916179 | 13.705916778368827 | 1.5535542303414564e-06 |
|  169  | 13.683038197052785 | 13.683037696251503 | 1.5535542303414564e-06 |
|  170  | 13.741029402904022 | 13.741027948428423 | 1.5535542303414564e-06 |
|  171  | 13.668960945911897 | 13.668959038563264 | 1.5535542303414564e-06 |
|  172  | 13.803873430887858 | 13.80387197641226  | 1.5535542303414564e-06 |
|  173  |  13.6765411621485  | 13.676540160545937 | 1.5535542303414564e-06 |
|  174  | 13.74193794739552  | 13.741936492919923 | 1.5535542303414564e-06 |
|  175  | 13.597396593338404 | 13.597395138862806 | 1.5535542303414564e-06 |
|  176  | 13.648480060283955 | 13.648478605808355 | 1.5535542303414564e-06 |
|  177  | 13.667052989861904 | 13.667051082513272 | 1.5535542303414564e-06 |
|  178  | 13.624366665375538 | 13.624365711701222 | 1.5535542303414564e-06 |
|  179  | 13.739251910478641 | 13.73925050393129  | 1.5535542303414564e-06 |
|  180  | 13.68456523699638  | 13.684563782520783 | 1.5535542303414564e-06 |
|  181  | 13.75185285519331  | 13.751850947844677 | 1.5535542303414564e-06 |
|  182  | 13.63208885192871  | 13.632086992508325 | 1.5535542303414564e-06 |
|  183  | 13.602802163148537 | 13.602800255799904 | 1.5535542303414564e-06 |
|  184  | 13.718058587098733 |  13.7180566797501  | 1.5535542303414564e-06 |
|  185  | 13.682132936135316 | 13.68213057591365  | 1.5535542303414564e-06 |
|  186  | 13.64404317220052  | 13.644041717724923 | 1.5535542303414564e-06 |
|  187  | 13.744868590526092 | 13.744867136050493 | 1.5535542303414564e-06 |
|  188  | 13.703570670103415 | 13.703568309881748 | 1.5535542303414564e-06 |
|  189  | 13.76577316577618  | 13.765771258427547 | 1.5535542303414564e-06 |
|  190  | 13.698988270881848 | 13.698986363533216 | 1.5535542303414564e-06 |
|  191  | 13.70465323814979  | 13.70465178367419  | 1.5535542303414564e-06 |
|  192  | 13.644830458225348 | 13.644828550876715 | 1.5535542303414564e-06 |
|  193  | 13.680651552249223 | 13.680650145701874 | 1.5535542303414564e-06 |
|  194  | 13.699065033350236 | 13.699062673128568 | 1.5535542303414564e-06 |
|  195  | 13.731786516629732 |  13.7317846092811  | 1.5535542303414564e-06 |
|  196  | 13.749364874424078 | 13.749363872821515 | 1.5535542303414564e-06 |
|  197  | 13.705204994984163 | 13.705203993381598 | 1.5535542303414564e-06 |
|  198  | 13.518715899540828 | 13.518715446667793 | 1.5535542303414564e-06 |
|  199  | 13.689899694980719 | 13.689897787632086 | 1.5535542303414564e-06 |
|  200  | 13.731904511084924 | 13.731902150863256 | 1.5535542303414564e-06 |
|  201  | 13.616390528556629 | 13.616389574882312 | 1.5535542303414564e-06 |
|  202  | 13.707606529822716 |  13.7076055761484  | 1.5535542303414564e-06 |
|  203  | 13.72081212655092  | 13.720811172876603 | 1.5535542303414564e-06 |
|  204  | 13.680659705920098 | 13.680657798571465 | 1.5535542303414564e-06 |
|  205  | 13.610158987778883 | 13.610158486977602 | 1.5535542303414564e-06 |
|  206  | 13.73757722414457  | 13.737576270470253 | 1.5535542303414564e-06 |
|  207  | 13.611978662931001 | 13.611977208455404 | 1.5535542303414564e-06 |
|  208  | 13.674045207683857 | 13.674043300335224 | 1.5535542303414564e-06 |
|  209  | 13.577045008341472 | 13.577043553865872 | 1.5535542303414564e-06 |
|  210  | 13.640567728678386 | 13.640566274202786 | 1.5535542303414564e-06 |
|  211  | 13.677880803621733 |  13.6778788962731  | 1.5535542303414564e-06 |
|  212  | 13.682623169727815 | 13.682622216053499 | 1.5535542303414564e-06 |
|  213  | 13.563552012321276 | 13.563550104972643 | 1.5535542303414564e-06 |
|  214  | 13.657266780168582 | 13.65726537362123  | 1.5535542303414564e-06 |
|  215  | 13.512231736794496 | 13.512230282318898 | 1.5535542303414564e-06 |
|  216  | 13.631481172610552 | 13.63147926526192  | 1.5535542303414564e-06 |
|  217  | 13.58426445887639  | 13.584263505202074 | 1.5535542303414564e-06 |
|  218  | 13.721449053837702 | 13.721447647290352 | 1.5535542303414564e-06 |
|  219  | 13.719838652977577 | 13.719837651375013 | 1.5535542303414564e-06 |
|  220  | 13.70344286894187  | 13.70344141446627  | 1.5535542303414564e-06 |
|  221  | 13.55444213671562  | 13.554441135113056 | 1.5535542303414564e-06 |
|  222  | 13.65823000394381  | 13.658228597396459 | 1.5535542303414564e-06 |
|  223  | 13.622432043613532 |  13.6224301362649  | 1.5535542303414564e-06 |
|  224  | 13.725484501765324 | 13.725482594416691 | 1.5535542303414564e-06 |
|  225  | 13.662554368239183 | 13.66255246089055  | 1.5535542303414564e-06 |
|  226  | 13.775223143161872 | 13.775221688686273 | 1.5535542303414564e-06 |
|  227  | 13.67437169686342  | 13.674370290316068 | 1.5535542303414564e-06 |
|  228  | 13.72367577772874  | 13.723674323253142 | 1.5535542303414564e-06 |
|  229  | 13.62806903936924  | 13.628068037766676 | 1.5535542303414564e-06 |
|  230  | 13.60198202182085  | 13.601981068146534 | 1.5535542303414564e-06 |
|  231  | 13.736926815326397 |  13.7369253608508  | 1.5535542303414564e-06 |
|  232  | 13.563155053945689 | 13.563152693724021 | 1.5535542303414564e-06 |
|  233  | 13.760551920181666 | 13.760550513634314 | 1.5535542303414564e-06 |
|  234  | 13.698376916738656 | 13.69837455651699  | 1.5535542303414564e-06 |
|  235  | 13.68456264691475  | 13.684561192439153 | 1.5535542303414564e-06 |
|  236  | 13.574032617226624 | 13.574031210679275 | 1.5535542303414564e-06 |
|  237  | 13.609683097448105 | 13.609681690900754 | 1.5535542303414564e-06 |
|  238  | 13.690812281095065 | 13.690810922475961 | 1.5535542303414564e-06 |
|  239  | 13.595598616966834 | 13.595596709618201 | 1.5535542303414564e-06 |
|  240  | 13.69215431213379  | 13.692153310531225 | 1.5535542303414564e-06 |
|  241  | 13.678134642380934 | 13.678132735032301 | 1.5535542303414564e-06 |
|  242  | 13.702341231321677 | 13.702339872702574 | 1.5535542303414564e-06 |
|  243  | 13.513625744550657 | 13.51362479087634  | 1.5535542303414564e-06 |
|  244  | 13.698251940409342 | 13.698250485933745 | 1.5535542303414564e-06 |
|  245  | 13.704632458809094 | 13.704630098587428 | 1.5535542303414564e-06 |
|  246  | 13.720451548649715 | 13.720449641301082 | 1.5535542303414564e-06 |
|  247  | 13.77842363113012  | 13.778422176654523 | 1.5535542303414564e-06 |
|  248  | 13.74314366169465  | 13.74314220721905  | 1.5535542303414564e-06 |
|  249  | 13.695112836788862 | 13.69511143024151  | 1.5535542303414564e-06 |
|  250  | 13.769223807897323 | 13.769221447675656 | 1.5535542303414564e-06 |
|  251  | 13.58841121673584  | 13.588409309387208 | 1.5535542303414564e-06 |
|  252  | 13.603353007389948 | 13.603351600842599 | 1.5535542303414564e-06 |
|  253  | 13.655528749319224 | 13.655527294843624 | 1.5535542303414564e-06 |
|  254  | 13.623731669890574 | 13.623730263343225 | 1.5535542303414564e-06 |
|  255  | 13.603423600808169 | 13.603422194260817 | 1.5535542303414564e-06 |
|  256  | 13.68163180424617  | 13.68163034977057  | 1.5535542303414564e-06 |
|  257  | 13.547033626849835 | 13.547031719501202 | 1.5535542303414564e-06 |
|  258  | 13.573070666973408 | 13.573068759624775 | 1.5535542303414564e-06 |
|  259  | 13.677933389712603 | 13.677932936839568 | 1.5535542303414564e-06 |
|  260  | 13.746959453484951 | 13.746957546136318 | 1.5535542303414564e-06 |
|  261  | 13.73044782394018  | 13.730446417392828 | 1.5535542303414564e-06 |
|  262  | 13.732314564631535 | 13.732312657282902 | 1.5535542303414564e-06 |
|  263  | 13.756687984955617 | 13.756686530480017 | 1.5535542303414564e-06 |
|  264  | 13.656587516589042 | 13.656586062113444 | 1.5535542303414564e-06 |
|  265  | 13.623840380937626 | 13.623838926462026 | 1.5535542303414564e-06 |
|  266  | 13.54014868320563  | 13.540147681603065 | 1.5535542303414564e-06 |
|  267  | 13.717850417112693 | 13.71784850976406  | 1.5535542303414564e-06 |
|  268  | 13.521301932701698 | 13.521300526154347 | 1.5535542303414564e-06 |
|  269  | 13.711937421162924 | 13.711935513814291 | 1.5535542303414564e-06 |
|  270  | 13.681389002677722 | 13.681388049003406 | 1.5535542303414564e-06 |
|  271  | 13.603290935418544 | 13.603289981744227 | 1.5535542303414564e-06 |
|  272  | 13.734750002347505 | 13.734748547871908 | 1.5535542303414564e-06 |
|  273  | 13.706558243189102 | 13.70655633584047  | 1.5535542303414564e-06 |
|  274  | 13.766256304031764 | 13.766254849556164 | 1.5535542303414564e-06 |
|  275  | 13.799731052105244 | 13.799729192684858 | 1.5535542303414564e-06 |
|  276  | 13.661910029680302 | 13.661909028077737 | 1.5535542303414564e-06 |
|  277  | 13.70818493378468  | 13.708183026436048 | 1.5535542303414564e-06 |
|  278  | 13.637663259261693 | 13.637660899040027 | 1.5535542303414564e-06 |
|  279  | 13.66841633821145  | 13.668414430862818 | 1.5535542303414564e-06 |
|  280  | 13.519781806163298 |  13.5197803516877  | 1.5535542303414564e-06 |
|  281  | 13.57812478481195  | 13.578122877463317 | 1.5535542303414564e-06 |
|  282  | 13.716350918305226 | 13.716349010956593 | 1.5535542303414564e-06 |
|  283  |  13.670053906563   | 13.670051999214367 | 1.5535542303414564e-06 |
|  284  | 13.647614311805139 | 13.64761285732954  | 1.5535542303414564e-06 |
|  285  | 13.709794434767502 | 13.70979398189447  | 1.5535542303414564e-06 |
|  286  | 13.623557964227139 | 13.623556056878506 | 1.5535542303414564e-06 |
|  287  | 13.741898812514085 | 13.741896905165452 | 1.5535542303414564e-06 |
|  288  | 13.755924700223483 | 13.75592279287485  | 1.5535542303414564e-06 |
|  289  | 13.71691717392359  | 13.716915719447991 | 1.5535542303414564e-06 |
|  290  | 13.731989412552272 | 13.731987505203639 | 1.5535542303414564e-06 |
|  291  | 13.604980439406175 | 13.604978079184507 | 1.5535542303414564e-06 |
|  292  | 13.68405331831712  | 13.684051410968488 | 1.5535542303414564e-06 |
|  293  | 13.698395120669634 | 13.698393213321001 | 1.5535542303414564e-06 |
|  294  | 13.77722892174354  | 13.777227467267942 | 1.5535542303414564e-06 |
|  295  | 13.631619798709185 | 13.631617891360552 | 1.5535542303414564e-06 |
|  296  | 13.805102333655725 | 13.805100426307092 | 1.5535542303414564e-06 |
|  297  | 13.610477374150204 | 13.610475919674604 | 1.5535542303414564e-06 |
|  298  | 13.578119714198968 | 13.57811825972337  | 1.5535542303414564e-06 |
|  299  | 13.706315609858587 | 13.706313249636919 | 1.5535542303414564e-06 |
|  300  | 13.719448233384352 | 13.719446778908754 | 1.5535542303414564e-06 |
|  301  | 13.677965530982384 | 13.677963623633751 | 1.5535542303414564e-06 |
|  302  | 13.77782293172983  | 13.77782152518248  | 1.5535542303414564e-06 |
|  303  | 13.605180175976875 | 13.605178268628242 | 1.5535542303414564e-06 |
|  304  | 13.624597268715883 | 13.62459536136725  | 1.5535542303414564e-06 |
|  305  | 13.673335264157027 | 13.673333857609675 | 1.5535542303414564e-06 |
|  306  | 13.750011402032314 | 13.750009947556716 | 1.5535542303414564e-06 |
|  307  | 13.645773769280849 | 13.645771861932216 | 1.5535542303414564e-06 |
|  308  | 13.51667942144932  | 13.516677514100687 | 1.5535542303414564e-06 |
|  309  | 13.538161767812875 | 13.538160814138559 | 1.5535542303414564e-06 |
|  310  | 13.557836328164125 | 13.557834873688527 | 1.5535542303414564e-06 |
|  311  | 13.681230000226925 | 13.681228092878293 | 1.5535542303414564e-06 |
|  312  | 13.805966242276705 | 13.80596578940367  | 1.5535542303414564e-06 |
|  313  | 13.720833676656087 | 13.720831769307454 | 1.5535542303414564e-06 |
|  314  | 13.627189464080027 | 13.627187103858361 | 1.5535542303414564e-06 |
|  315  | 13.455711427346253 | 13.455709972870656 | 1.5535542303414564e-06 |
|  316  | 13.596664170485276 | 13.596662311064891 | 1.5535542303414564e-06 |
|  317  | 13.714161582359901 | 13.714159675011269 | 1.5535542303414564e-06 |
|  318  | 13.571372984861716 | 13.571371077513083 | 1.5535542303414564e-06 |
|  319  | 13.61162233597193  | 13.611620428623297 | 1.5535542303414564e-06 |
|  320  | 13.664187201475485 | 13.66418484125382  | 1.5535542303414564e-06 |
|  321  | 13.76532219911233  | 13.765321245438013 | 1.5535542303414564e-06 |
|  322  | 13.529850375835712 | 13.529848921360113 | 1.5535542303414564e-06 |
|  323  | 13.677580849085098 | 13.677579847482535 | 1.5535542303414564e-06 |
|  324  | 13.534740589826535 | 13.534739636152219 | 1.5535542303414564e-06 |
|  325  | 13.638657871148526 | 13.638655510926858 | 1.5535542303414564e-06 |
|  326  | 13.621024356744229 | 13.621023355141665 | 1.5535542303414564e-06 |
|  327  | 13.541062397100987 | 13.541060489752354 | 1.5535542303414564e-06 |
|  328  | 13.556267942770933 | 13.556266488295336 | 1.5535542303414564e-06 |
|  329  | 13.696353972019294 | 13.696352517543694 | 1.5535542303414564e-06 |
|  330  | 13.670699086311537 | 13.670696726089869 | 1.5535542303414564e-06 |
|  331  | 13.552666983971228 | 13.55266607822516  | 1.5535542303414564e-06 |
|  332  | 13.578278884887695 | 13.578276977539062 | 1.5535542303414564e-06 |
|  333  | 13.597345145787948 | 13.59734369131235  | 1.5535542303414564e-06 |
|  334  | 13.57065065237192  | 13.570648745023288 | 1.5535542303414564e-06 |
|  335  | 13.642552769000714 | 13.642550861652081 | 1.5535542303414564e-06 |
|  336  | 13.64664662483411  | 13.646643763811161 | 1.5535542303414564e-06 |
|  337  | 13.50715634174836  | 13.507154434399727 | 1.5535542303414564e-06 |
|  338  | 13.596658432789338 | 13.596656978313739 | 1.5535542303414564e-06 |
|  339  | 13.61570133796105  | 13.615699430612418 | 1.5535542303414564e-06 |
|  340  | 13.675584829281538 | 13.675582921932905 | 1.5535542303414564e-06 |
|  341  | 13.624595037607046 | 13.624593631059696 | 1.5535542303414564e-06 |
|  342  | 13.760293286641438 | 13.760292332967122 | 1.5535542303414564e-06 |
|  343  | 13.62598039480356  | 13.625978487454928 | 1.5535542303414564e-06 |
|  344  | 13.687348758990948 | 13.687346803714068 | 1.5535542303414564e-06 |
|  345  | 13.61757038898957  | 13.617568934513972 | 1.5535542303414564e-06 |
|  346  | 13.520862099085099 | 13.52086119333903  | 1.5535542303414564e-06 |
|  347  | 13.540440434186886 | 13.540438526838253 | 1.5535542303414564e-06 |
|  348  | 13.677279871427096 | 13.677277964078463 | 1.5535542303414564e-06 |
|  349  | 13.614795467670147 | 13.614793560321514 | 1.5535542303414564e-06 |
|  350  | 13.69305716587947  | 13.693055711403872 | 1.5535542303414564e-06 |
|  351  | 13.59346106309157  | 13.593458702869905 | 1.5535542303414564e-06 |
|  352  | 13.501549807817508 | 13.501547900468875 | 1.5535542303414564e-06 |
|  353  | 13.626574842990973 | 13.626573388515375 | 1.5535542303414564e-06 |
|  354  | 13.657801940135467 | 13.657800485659868 | 1.5535542303414564e-06 |
|  355  | 13.64166360512758  | 13.641661697778947 | 1.5535542303414564e-06 |
|  356  | 13.675731045649602 | 13.67572963910225  | 1.5535542303414564e-06 |
|  357  | 13.572971756763947 | 13.572970755161384 | 1.5535542303414564e-06 |
|  358  | 13.498965633098896 | 13.498963725750263 | 1.5535542303414564e-06 |
|  359  | 13.472778684175932 | 13.472777229700332 | 1.5535542303414564e-06 |
|  360  | 13.430596184363733 | 13.430594729888133 | 1.5535542303414564e-06 |
|  361  | 13.486570907005897 | 13.486568999657264 | 1.5535542303414564e-06 |
|  362  | 13.640490618974734 | 13.640489164499137 | 1.5535542303414564e-06 |
|  363  | 13.495897926917443 | 13.495896472441844 | 1.5535542303414564e-06 |
|  364  | 13.659866806421524 | 13.65986494700114  | 1.5535542303414564e-06 |
|  365  | 13.555146360152808 | 13.555144452804175 | 1.5535542303414564e-06 |
|  366  | 13.553133505796774 | 13.553132051321176 | 1.5535542303414564e-06 |
|  367  | 13.638751420241135 | 13.638749512892502 | 1.5535542303414564e-06 |
|  368  | 13.549531557132036 | 13.54953060345772  | 1.5535542303414564e-06 |
|  369  | 13.571578181340143 | 13.57157627399151  | 1.5535542303414564e-06 |
|  370  | 13.43249839684902  | 13.432496942373422 | 1.5535542303414564e-06 |
|  371  | 13.650579363505045 | 13.650577909029447 | 1.5535542303414564e-06 |
|  372  | 13.566069420056465 | 13.566068466382148 | 1.5535542303414564e-06 |
|  373  | 13.610411898295085 | 13.610411397493802 | 1.5535542303414564e-06 |
|  374  | 13.639059171432104 | 13.639057764884754 | 1.5535542303414564e-06 |
|  375  | 13.40920399592473  | 13.40920258937738  | 1.5535542303414564e-06 |
|  376  | 13.642213494716547 | 13.642211587367914 | 1.5535542303414564e-06 |
|  377  | 13.588742305070927 | 13.588740898523575 | 1.5535542303414564e-06 |
|  378  | 13.499347841311724 | 13.499345933963092 | 1.5535542303414564e-06 |
|  379  | 13.53670890221229  | 13.536708449339255 | 1.5535542303414564e-06 |
|  380  | 13.562731512998923 | 13.562730058523325 | 1.5535542303414564e-06 |
|  381  | 13.585287102919358 | 13.585286101316795 | 1.5535542303414564e-06 |
|  382  | 13.538457145690918 | 13.538455238342285 | 1.5535542303414564e-06 |
|  383  | 13.609105391869178 | 13.609103484520546 | 1.5535542303414564e-06 |
|  384  | 13.578760190132337 | 13.578759236458021 | 1.5535542303414564e-06 |
|  385  | 13.498584961524376 | 13.49858400785006  | 1.5535542303414564e-06 |
|  386  | 13.595936357547075 | 13.595934450198442 | 1.5535542303414564e-06 |
|  387  | 13.659467623783993 | 13.659465263562325 | 1.5535542303414564e-06 |
|  388  | 13.565991381131687 | 13.565989926656087 | 1.5535542303414564e-06 |
|  389  | 13.640768026694273 | 13.64076611934564  | 1.5535542303414564e-06 |
|  390  | 13.602655274806878 | 13.602654273204314 | 1.5535542303414564e-06 |
|  391  | 13.651793057368351 | 13.651792103694035 | 1.5535542303414564e-06 |
|  392  | 13.684469303228916 | 13.684467848753318 | 1.5535542303414564e-06 |
|  393  | 13.603304085364709 | 13.603302178016076 | 1.5535542303414564e-06 |
|  394  | 13.592241967030061 | 13.592240965427496 | 1.5535542303414564e-06 |
|  395  | 13.463575983292017 | 13.463574576744666 | 1.5535542303414564e-06 |
|  396  | 13.532986743633563 | 13.532984383411897 | 1.5535542303414564e-06 |
|  397  | 13.574326443794446 | 13.57432408357278  | 1.5535542303414564e-06 |
|  398  | 13.635037418267666 | 13.635036917466383 | 1.5535542303414564e-06 |
|  399  | 13.562819869212616 | 13.562817961863983 | 1.5535542303414564e-06 |
|  400  | 13.708508036686824 | 13.708506129338192 | 1.5535542303414564e-06 |
|  401  | 13.511420474908292 | 13.511419020432692 | 1.5535542303414564e-06 |
|  402  | 13.362450830508502 | 13.362448923159869 | 1.5535542303414564e-06 |
|  403  | 13.752359700325208 | 13.752357792976575 | 1.5535542303414564e-06 |
|  404  | 13.40247468116956  | 13.402472773820927 | 1.5535542303414564e-06 |
|  405  | 13.518953087635529 | 13.51895168108818  | 1.5535542303414564e-06 |
|  406  | 13.59000918559539  | 13.590008231921074 | 1.5535542303414564e-06 |
|  407  | 13.498079529786722 | 13.498077622438089 | 1.5535542303414564e-06 |
|  408  | 13.475773427914351 | 13.475771973438752 | 1.5535542303414564e-06 |
|  409  | 13.514079475402832 | 13.514078521728516 | 1.5535542303414564e-06 |
|  410  | 13.544568091172438 | 13.544567089569874 | 1.5535542303414564e-06 |
|  411  | 13.664313683143028 | 13.66431222866743  | 1.5535542303414564e-06 |
|  412  | 13.38049272488325  | 13.380490817534618 | 1.5535542303414564e-06 |
|  413  | 13.536500305762658 | 13.536498398414025 | 1.5535542303414564e-06 |
|  414  | 13.48986346905048  | 13.489861561701847 | 1.5535542303414564e-06 |
|  415  | 13.685622976254194 | 13.685620616032526 | 1.5535542303414564e-06 |
|  416  | 13.491310840508877 | 13.491308933160244 | 1.5535542303414564e-06 |
|  417  | 13.507524015964606 | 13.507522156544221 | 1.5535542303414564e-06 |
|  418  | 13.407658006716996 | 13.407656099368364 | 1.5535542303414564e-06 |
|  419  | 13.588168952159393 | 13.588167497683795 | 1.5535542303414564e-06 |
|  420  | 13.534586182618753 | 13.534584776071402 | 1.5535542303414564e-06 |
|  421  | 13.413611585176907 | 13.41361013070131  | 1.5535542303414564e-06 |
|  422  | 13.57454627110408  | 13.574543910882412 | 1.5535542303414564e-06 |
|  423  | 13.407955013177334 | 13.407953558701735 | 1.5535542303414564e-06 |
|  424  | 13.491100614498823 | 13.491099160023225 | 1.5535542303414564e-06 |
|  425  | 13.50666582645514  | 13.506664371979543 | 1.5535542303414564e-06 |
|  426  | 13.574646449944911 | 13.574644542596278 | 1.5535542303414564e-06 |
|  427  | 13.52409785930927  | 13.52409640483367  | 1.5535542303414564e-06 |
|  428  | 13.634213741009052 | 13.634211380787384 | 1.5535542303414564e-06 |
|  429  | 13.322974768418533 | 13.322972408196865 | 1.5535542303414564e-06 |
|  430  | 13.439940796876565 | 13.439938889527932 | 1.5535542303414564e-06 |
|  431  | 13.507437504499386 | 13.50743655082507  | 1.5535542303414564e-06 |
|  432  | 13.594132753029848 | 13.594130845681216 | 1.5535542303414564e-06 |
|  433  | 13.479369140038123 | 13.479367733490772 | 1.5535542303414564e-06 |
|  434  | 13.404191076816657 | 13.404189622341057 | 1.5535542303414564e-06 |
|  435  | 13.361136230077499 |  13.3611347756019  | 1.5535542303414564e-06 |
|  436  | 13.360793728950696 | 13.360791821602064 | 1.5535542303414564e-06 |
|  437  | 13.521185506184896 | 13.521184099637544 | 1.5535542303414564e-06 |
|  438  | 13.501075955904447 | 13.501074501428848 | 1.5535542303414564e-06 |
|  439  | 13.435990214225573 | 13.43598830687694  | 1.5535542303414564e-06 |
|  440  | 13.566018828367575 | 13.566017421820225 | 1.5535542303414564e-06 |
|  441  | 13.54834589835925  | 13.548343991010617 | 1.5535542303414564e-06 |
|  442  | 13.538687768593812 | 13.53868586124518  | 1.5535542303414564e-06 |
|  443  | 13.486661348587427 | 13.48665989411183  | 1.5535542303414564e-06 |
|  444  | 13.403752039395846 | 13.40374967917418  | 1.5535542303414564e-06 |
|  445  | 13.482014682476336 | 13.482013228000739 | 1.5535542303414564e-06 |
|  446  | 13.478369999420948 | 13.478369498619667 | 1.5535542303414564e-06 |
|  447  | 13.490447078607021 | 13.490445624131423 | 1.5535542303414564e-06 |
|  448  |  13.4673469044612  | 13.46734549791385  | 1.5535542303414564e-06 |
|  449  | 13.510982463543233 | 13.510981009067633 | 1.5535542303414564e-06 |
|  450  | 13.565549017099233 | 13.565548516297952 | 1.5535542303414564e-06 |
|  451  | 13.312157204456819 | 13.312156202854254 | 1.5535542303414564e-06 |
|  452  | 13.549332147255923 | 13.54933023990729  | 1.5535542303414564e-06 |
|  453  | 13.532518998170511 | 13.532516637948843 | 1.5535542303414564e-06 |
|  454  | 13.436306122999925 | 13.436304716452574 | 1.5535542303414564e-06 |
|  455  | 13.373841113555125 | 13.373838753333459 | 1.5535542303414564e-06 |
|  456  | 13.341837631616837 | 13.34183667794252  | 1.5535542303414564e-06 |
|  457  | 13.506641768431052 | 13.50663986108242  | 1.5535542303414564e-06 |
|  458  | 13.461502109429775 | 13.461500654954177 | 1.5535542303414564e-06 |
|  459  | 13.497055139786157 | 13.497053232437525 | 1.5535542303414564e-06 |
|  460  | 13.421926435812926 | 13.421924981337327 | 1.5535542303414564e-06 |
|  461  | 13.363269532032502 | 13.36326762468387  | 1.5535542303414564e-06 |
|  462  | 13.368638668549366 | 13.368636761200733 | 1.5535542303414564e-06 |
|  463  | 13.55128198966002  | 13.551280082311386 | 1.5535542303414564e-06 |
|  464  | 13.431810165796524 | 13.43180825844789  | 1.5535542303414564e-06 |
|  465  |  13.4798258688511  | 13.479824462303748 | 1.5535542303414564e-06 |
|  466  | 13.396252259474535 | 13.396250852927183 | 1.5535542303414564e-06 |
|  467  | 13.472751281933906 | 13.472749374585273 | 1.5535542303414564e-06 |
|  468  | 13.520204060872397 | 13.520202153523764 | 1.5535542303414564e-06 |
|  469  | 13.365492142897386 | 13.365490688421787 | 1.5535542303414564e-06 |
|  470  | 13.558594911037348 | 13.558593003688715 | 1.5535542303414564e-06 |
|  471  | 13.486151844904972 | 13.486150390429374 | 1.5535542303414564e-06 |
|  472  | 13.317971748938927 | 13.317971248137646 | 1.5535542303414564e-06 |
|  473  | 13.528074520795773 | 13.528073567121456 | 1.5535542303414564e-06 |
|  474  | 13.369745884430714 | 13.36974397708208  | 1.5535542303414564e-06 |
|  475  | 13.383519674447866 | 13.383517767099233 | 1.5535542303414564e-06 |
|  476  | 13.521893193171575 | 13.521891285822942 | 1.5535542303414564e-06 |
|  477  | 13.418646040696364 | 13.418644133347732 | 1.5535542303414564e-06 |
|  478  | 13.531536274445363 | 13.53153436709673  | 1.5535542303414564e-06 |
|  479  | 13.356642937293419 | 13.356641029944786 | 1.5535542303414564e-06 |
|  480  | 13.59543050228021  | 13.595428594931578 | 1.5535542303414564e-06 |
|  481  | 13.445963703057705 | 13.445962296510354 | 1.5535542303414564e-06 |
|  482  | 13.590870043436686 | 13.59086908976237  | 1.5535542303414564e-06 |
|  483  | 13.43339355077499  | 13.433392096299391 | 1.5535542303414564e-06 |
|  484  | 13.409152893653284 | 13.40915098630465  | 1.5535542303414564e-06 |
|  485  | 13.492096197666266 | 13.492094743190668 | 1.5535542303414564e-06 |
|  486  | 13.46614053970728  | 13.466138632358648 | 1.5535542303414564e-06 |
|  487  | 13.345001866267278 | 13.345000459719927 | 1.5535542303414564e-06 |
|  488  | 13.482638449057555 | 13.482636541708922 | 1.5535542303414564e-06 |
|  489  | 13.242494256435297 | 13.242492801959697 | 1.5535542303414564e-06 |
|  490  | 13.563478691883576 | 13.563477237407978 | 1.5535542303414564e-06 |
|  491  | 13.386605701935597 | 13.38660474826128  | 1.5535542303414564e-06 |
|  492  | 13.473059246356671 | 13.47305783980932  | 1.5535542303414564e-06 |
|  493  | 13.29489627349071  | 13.294894866943359 | 1.5535542303414564e-06 |
|  494  | 13.376971829732259 | 13.376970375256661 | 1.5535542303414564e-06 |
|  495  | 13.35872468899458  | 13.358722781645946 | 1.5535542303414564e-06 |
|  496  | 13.279105774317033 | 13.27910527351575  | 1.5535542303414564e-06 |
|  497  | 13.39106192564353  | 13.39106047116793  | 1.5535542303414564e-06 |
|  498  | 13.44016406426063  | 13.440162657713278 | 1.5535542303414564e-06 |
|  499  | 13.34365149766971  | 13.34365004319411  | 1.5535542303414564e-06 |
|  500  | 13.570219514308832 | 13.570218059833234 | 1.5535542303414564e-06 |
+-------+--------------------+--------------------+------------------------+