+-------+--------------------+--------------------+--------------------+
| Epoch |     total_loss     |      dt_loss       |     type_loss      |
+-------+--------------------+--------------------+--------------------+
|   1   | 97.24759971266526  | 17.310208322378305 | 79.93739305232121  |
|   2   | 94.88454081373948  | 15.992668301508976 | 78.89187212665264  |
|   3   | 93.62536991530199  | 15.605037931002103 | 78.02033251014123  |
|   4   | 91.51929239126352  | 15.152240796602689 | 76.36705062631461  |
|   5   | 89.15717501596303  | 14.74337319300725  | 74.41380198786808  |
|   6   | 86.86715219350961  | 14.241254733745869 | 72.62589692570613  |
|   7   | 84.44411567101112  | 13.713710479736328 | 70.73040630164513  |
|   8   | 81.80479115647536  | 13.031397516690769 | 68.77339438100961  |
|   9   | 78.87884414907602  | 12.162013629033016 | 66.71682950768104  |
|   10  | 76.08872473614032  | 11.566223138075609 | 64.52250180053711  |
|   11  | 74.88388261061448  | 11.282544127244217 | 63.60133905498798  |
|   12  | 73.20022258582482  | 10.993837887690617 | 62.20638325617863  |
|   13  |  71.9477326566256  | 10.717496160653921 | 61.23023722252479  |
|   14  | 71.50545554293119  | 10.34382517359807  | 61.16163092275766  |
|   15  | 69.98225456355168  | 9.960252349853516  | 60.02200127469576  |
|   16  | 69.61038470458985  | 9.547822407649113  | 60.062563056358925 |
|   17  | 68.92480919001653  | 9.383540524996244  | 59.54126810631385  |
|   18  |  68.6961165630634  | 9.112552387530988  | 59.58356471604567  |
|   19  | 68.51302087871845  | 8.930647032517653  | 59.582373537503756 |
|   20  | 68.08798778357873  | 8.838258534944975  | 59.24972882080078  |
|   21  | 67.90179282320463  | 8.735142024113582  | 59.16665051973783  |
|   22  | 67.73689666278545  | 8.600178433344915  | 59.13671810208834  |
|   23  | 67.70833811129056  | 8.577187163719763  |  59.131150390625   |
|   24  | 67.36692970158504  | 8.437678844745342  | 58.929251007080076 |
|   25  | 67.00017624605618  |  8.37251065650353  | 58.627666424091046 |
|   26  |  67.2431919931265  |  8.33342760526217  | 58.90976389958308  |
|   27  | 67.13709701303335  | 8.230800914470967  | 58.90629452279898  |
|   28  | 66.95521072622446  | 8.183002322857197  | 58.772208712064305 |
|   29  | 66.71417648080678  | 8.139079880054181  | 58.57509626183143  |
|   30  | 67.14494742995042  | 8.110130699744591  | 59.03481729360727  |
|   31  |  66.9374660151555  | 8.054918001028208  |  58.8825482811561  |
|   32  | 66.94569301663913  | 8.012754791259766  | 58.93293747652494  |
|   33  | 66.55487983351487  |  7.97872376368596  | 58.57615500582182  |
|   34  | 66.67913699575571  | 7.980010688781738  |  58.6991261314979  |
|   35  | 66.44758903620793  | 7.957341454139122  |  58.4902471876878  |
|   36  | 67.10558212984525  | 7.9113120859586274 | 59.19427088341346  |
|   37  | 66.72552832500752  | 7.9492611371553865 | 58.77626739501953  |
|   38  | 66.72092805363582  | 7.940126537616436  | 58.78080213341346  |
|   39  | 66.90408987661509  | 7.935018326099103  | 58.969071920541616 |
|   40  | 66.80038266930214  | 7.9366013970008265 | 58.86378101759691  |
|   41  |  66.4437026179387  | 7.923462574592003  | 58.52024094566932  |
|   42  | 67.08577471923829  | 7.9092751591022195 | 59.176500725379356 |
|   43  | 67.06540428748498  | 7.895023118826059  | 59.17038189462515  |
|   44  |  67.1770442974384  | 7.916464355175312  | 59.26057873300406  |
|   45  | 66.05850130756085  | 7.935177151606633  | 58.12332440185547  |
|   46  | 66.47607379150391  | 7.887491448035607  |  58.5885827730619  |
|   47  | 66.48677899639424  | 7.888437984466552  | 58.59834118417593  |
|   48  | 66.35658998225286  | 7.815922852442815  | 58.54066666118915  |
|   49  | 66.35718815730168  | 7.745631397834191  | 58.61155618051382  |
|   50  | 66.09909761399489  | 7.766844759134146  |  58.3322520705003  |
|   51  | 66.50565894024189  | 7.651353421724759  | 58.85430587533804  |
|   52  | 65.97909411386343  | 7.631778621380146  | 58.34731638981746  |
|   53  | 65.85032904052734  | 7.516371024792011  | 58.333958216740534 |
|   54  |  66.1263693331205  | 7.434454260606032  | 58.69191552969126  |
|   55  | 65.60731413386418  | 7.351574922414926  | 58.25574141047551  |
|   56  | 65.69561009333684  | 7.298363672990066  | 58.397247150127704 |
|   57  | 65.56710321044922  |  7.2768190674415   | 58.29028421490009  |
|   58  | 66.06058263221153  | 7.191103801727295  | 58.869479273869445 |
|   59  | 66.19742678128756  | 7.1256704095693735 | 59.07175748854417  |
|   60  |  65.465276169997   | 7.075772579779992  | 58.38950394146259  |
|   61  |  65.5872686298077  | 7.047166389465332  | 58.54010183950571  |
|   62  | 65.82517573429988  | 6.975508201012245  | 58.849668557974006 |
|   63  | 65.19033999399038  | 6.979238290053147  | 58.21110328791692  |
|   64  | 65.16721931809646  | 6.919779466775747  | 58.247439345139725 |
|   65  | 65.17139973801832  | 6.850223702650804  | 58.32117665686974  |
|   66  | 65.00165354567308  | 6.767722035921537  |  58.2339316805326  |
|   67  | 65.55292465679462  | 6.683530648451585  | 58.86939378474309  |
|   68  | 64.54562921142578  | 6.663268194638766  | 57.882361335167516 |
|   69  | 65.46050331467849  | 6.602630481426533  | 58.857872567983776 |
|   70  | 64.24345630352313  | 6.569643574347863  | 57.67381158447266  |
|   71  | 64.94597730196439  | 6.487531265552227  | 58.458445580115686 |
|   72  | 64.81833979679988  | 6.438619797046368  | 58.37972024301382  |
|   73  | 64.41627598219651  | 6.349340209374061  |  58.0669365633451  |
|   74  | 64.43815213716947  | 6.287629775120662  | 58.15052042095478  |
|   75  | 64.23647880671575  | 6.334025765639085  |  57.9024515240009  |
|   76  | 65.05729300161508  | 6.2408602544344385 | 58.81643266648513  |
|   77  | 64.75363052602914  | 6.221044939481295  | 58.53258649385892  |
|   78  | 64.22104685387245  | 6.214582994607778  | 58.00646318875826  |
|   79  | 63.724158724271334 | 6.1846154729402985 | 57.539543529803936 |
|   80  | 64.33444696044921  | 6.175287724128136  | 58.159158381535455 |
|   81  | 64.36064857365535  | 6.1064530255244325 | 58.254194793701174 |
|   82  | 64.28332294640174  | 6.090541803800143  | 58.19278139789288  |
|   83  | 63.81221462308444  | 6.026604799710787  | 57.78560997596154  |
|   84  | 63.90899972534179  | 6.043089505415696  | 57.865909670316256 |
|   85  | 64.23058798922025  | 6.032726267887996  |  58.197860938439   |
|   86  | 63.84975945575421  | 5.961064077817476  | 57.888694936899036 |
|   87  |  63.8022012094351  | 5.958596197275015  | 57.843604985163765 |
|   88  | 63.948656515268176 | 5.961887372530423  | 57.98676982938326  |
|   89  | 64.10514501014123  |  5.93153442969689  | 58.17361235868014  |
|   90  | 63.90285781625601  | 5.936105070847732  | 57.966752809964696 |
|   91  | 63.77103540978065  | 5.855582894251897  | 57.91545249352088  |
|   92  | 64.06657088998648  | 5.851509661454421  | 58.21506008206881  |
|   93  | 63.715087115948016 | 5.8577848563561075 | 57.85730186110276  |
|   94  | 63.34436985191932  | 5.796245602240929  | 57.54812440138597  |
|   95  | 63.70260305551382  | 5.7294419080294094 | 57.97315963040865  |
|   96  | 63.63043073683519  | 5.730218944256122  | 57.90021201970027  |
|   97  | 63.64016490290715  | 5.7453443145751955 | 57.89482072800856  |
|   98  | 63.97001456627479  | 5.6948910921536955 | 58.275123173640324 |
|   99  | 63.78264454533504  | 5.663980120438795  | 58.118665266770584 |
|  100  | 63.61165813504733  | 5.671479162949782  | 57.94017974384015  |
|  101  | 63.47411071542593  | 5.639893306145301  | 57.83421709266076  |
|  102  |  64.052081247183   | 5.621340069990891  | 58.43074168748122  |
|  103  | 63.769705974872295 | 5.659906962761512  | 58.109798501821665 |
|  104  | 63.53528995455228  | 5.6182563288762015 | 57.917034900371846 |
|  105  | 63.606509169358475 | 5.617517913231483  | 57.988990844726565 |
|  106  | 63.554875431941106 | 5.609148124401386  | 57.945728508582484 |
|  107  | 63.15181977492112  | 5.603302646343525  | 57.548516517052285 |
|  108  | 63.25993303269606  | 5.593303938058707  | 57.66662904240535  |
|  109  | 63.261048198993386 | 5.561630234351525  | 57.69941778094952  |
|  110  | 63.08847005756085  | 5.568636226067176  | 57.51983395385742  |
|  111  | 63.42595187847431  | 5.563505901923547  | 57.86244575852614  |
|  112  | 63.463214747502256 | 5.562176512498122  | 57.90103961651142  |
|  113  | 63.28206278170072  | 5.546731799492469  | 57.73533010629507  |
|  114  | 62.97115052208534  | 5.572786658653846  | 57.39836346905048  |
|  115  | 63.26738518582857  | 5.570050780076247  | 57.697334698016824 |
|  116  | 63.77414442561223  | 5.576427223499005  | 58.19771880164513  |
|  117  | 63.781865361140326 | 5.527466805091271  |  58.2543983201247  |
|  118  |  63.3319810931866  | 5.600222073775071  | 57.73175991586538  |
|  119  | 63.70277325908955  | 5.557103426419772  | 58.14567018949069  |
|  120  | 63.12928185096154  | 5.539776818495531  | 57.58950559175931  |
|  121  | 63.07694467867338  | 5.515935002547044  | 57.561009756234974 |
|  122  | 63.16275200007512  | 5.546455768878643  | 57.61629731867863  |
|  123  | 62.99163383366511  | 5.528548726301927  | 57.46308528958834  |
|  124  | 63.24022129939153  | 5.535879151564378  | 57.704342533991884 |
|  125  | 63.591600060096155 | 5.550248822432298  | 58.04135169161283  |
|  126  | 63.31875100708008  | 5.584273963047908  | 57.734477581317606 |
|  127  | 62.92311946458083  | 5.543487698481633  | 57.379631901667665 |
|  128  | 62.59723508629432  | 5.559527838486892  | 57.03770653827374  |
|  129  | 63.54073124342698  | 5.516549973707932  | 58.02418110069862  |
|  130  | 63.38241447096605  | 5.5347165380624626 | 57.84769827035757  |
|  131  | 63.15496560199444  | 5.5180830653263975 |  57.6368836317796  |
|  132  | 62.697017880953275 | 5.501317616682786  | 57.19570026104267  |
|  133  | 63.40336491980919  | 5.5079905418982875 | 57.89537544837365  |
|  134  |  63.3646539846567  | 5.451156904954177  | 57.913497229942905 |
|  135  | 63.00500037090595  | 5.509388701512264  | 57.49561211688702  |
|  136  | 62.94746770301232  | 5.455745399768536  | 57.49172223135141  |
|  137  | 62.993551302396334 |  5.49299802339994  | 57.500553471491884 |
|  138  | 63.016121666541466 | 5.480014053051288  | 57.53610741013747  |
|  139  | 63.21433652672401  | 5.489823269183819  | 57.724512587327226 |
|  140  | 62.95744561298077  | 5.510801379570594  | 57.44664354764498  |
|  141  | 63.35356456345778  | 5.430372949160063  | 57.92319154240535  |
|  142  | 62.76683305476262  | 5.428685641948993  |  57.338146484375   |
|  143  | 62.81609522423378  | 5.430423222175011  | 57.38567126699594  |
|  144  | 63.44914915583684  | 5.484984026395358  | 57.96416510009766  |
|  145  | 63.04667352294922  | 5.4770244557307315 | 57.56964948214017  |
|  146  | 63.11089802668645  | 5.487909517434927  | 57.62298872962365  |
|  147  | 63.02498049222506  |  5.40852770115779  | 57.616453178992636 |
|  148  | 63.07026169527494  | 5.435682829636794  |  57.6345795311561  |
|  149  | 63.43254354154146  | 5.455555925515982  | 57.97698727886493  |
|  150  | 63.69733020958534  | 5.505534263023963  |  58.191795506404   |
|  151  | 63.07937267596905  | 5.454186993819016  | 57.62518510084886  |
|  152  |  63.4942469928448  | 5.4716630944472096 | 58.02258459003155  |
|  153  | 62.998704322228065 | 5.447927710313063  |  57.5507765620305  |
|  154  |  62.8974245699369  | 5.436532177264874  | 57.46089288330078  |
|  155  | 63.42586969463642  | 5.511101372058575  | 57.914769050011266 |
|  156  | 62.72877715360201  | 5.463709320361797  | 57.265067298302284 |
|  157  | 63.07994469745343  | 5.408512674184946  | 57.67143177912786  |
|  158  | 63.086694467397834 | 5.342587427286001  | 57.74410596407377  |
|  159  | 62.60926855703501  | 5.345496221689078  | 57.26377221210186  |
|  160  | 62.60292245718149  | 5.363729013002835  | 57.23919261286809  |
|  161  | 63.13298646428035  | 5.312221702869122  | 57.82076419302133  |
|  162  | 62.509534257155195 | 5.367454551990216  | 57.14207990675706  |
|  163  | 62.58006036376953  | 5.333458753732534  | 57.24660169161283  |
|  164  |  63.0072619535006  | 5.353384652944712  | 57.653876978947565 |
|  165  | 62.76040758807842  | 5.468896932748648  | 57.291509580172026 |
|  166  | 62.815303971510666 | 5.4136881382281965 | 57.401615825946514 |
|  167  | 62.632614443265474 | 5.294564829606276  | 57.338049877460186 |
|  168  | 62.86706968102089  |  5.24482453918457  | 57.62224575101412  |
|  169  | 62.48938241107647  | 5.293050218435434  | 57.19633184814453  |
|  170  | 62.93434806002104  | 5.270133684598482  | 57.66421318406325  |
|  171  | 63.04766056941106  | 5.2533776908287635 | 57.79428244253305  |
|  172  | 62.51990725708008  | 5.2945384955772985 | 57.22536892230694  |
|  173  | 63.17468462665264  | 5.2450644698509805 | 57.92962075805664  |
|  174  | 62.79998689856896  | 5.209617713928223  | 57.590368767371544 |
|  175  | 62.31187002328726  | 5.246202439821683  | 57.06566766826923  |
|  176  | 62.41926929180439  | 5.293262015416072  | 57.12600765286959  |
|  177  | 62.83312255859375  | 5.229339059096116  | 57.603782977764425 |
|  178  | 62.697438589242786 | 5.2256176898662865 |  57.4718214463454  |
|  179  | 62.559500873272235 |  5.22613525390625  | 57.33336545034555  |
|  180  |  62.5546874201848  | 5.2016731315025915 | 57.353013380784255 |
|  181  | 62.40597189800556  | 5.211612618666429  | 57.19435858858549  |
|  182  | 62.76935339590219  | 5.152704175215501  | 57.61664969341572  |
|  183  | 62.974925938532905 | 5.182567120478703  | 57.79235964026818  |
|  184  | 62.489015810452976 | 5.223368568713848  | 57.26564811119666  |
|  185  | 62.87262694138747  | 5.174457481384278  | 57.698169273963344 |
|  186  | 62.70467005098783  | 5.202836243556096  | 57.501834111140326 |
|  187  | 62.62106973970853  |  5.19248550092257  | 57.42858455951397  |
|  188  | 62.85050053523137  |  5.17578432728694  |  57.6747164846567  |
|  189  | 62.22137002093975  | 5.186730377490704  | 57.03463987614558  |
|  190  | 62.76649140108549  | 5.143166016211876  | 57.62332462721604  |
|  191  | 62.753741701566256 | 5.193195806943454  |  57.5605462505634  |
|  192  | 62.339021036001355 |  5.22115239920983  | 57.11786822040264  |
|  193  | 62.36165878061148  | 5.1823717501713675 |  57.1792875389686  |
|  194  | 62.38120022817758  | 5.206430267920861  | 57.17476997727614  |
|  195  | 62.532003756009615 | 5.153240168057955  | 57.37876291832557  |
|  196  | 63.08110588191106  | 5.147553747617281  | 57.93355286114033  |
|  197  | 62.75647373610276  | 5.201578546670767  | 57.55489433875451  |
|  198  | 62.89909762338492  | 5.201621760148268  | 57.69747615403396  |
|  199  |  62.0983663658729  | 5.186805946936974  | 56.91155975107046  |
|  200  | 62.91309588388296  |  5.18965387403048  | 57.72344196495643  |
|  201  | 62.99315841909555  | 5.1885142836937534 | 57.80464458524264  |
|  202  | 62.86484473125751  | 5.193026643312894  | 57.67181876079853  |
|  203  | 62.336001497708835 | 5.224477301377516  |  57.1115238647461  |
|  204  | 62.84910935856746  | 5.161789091843825  | 57.68732036884015  |
|  205  | 62.266510627159704 | 5.197305409651536  | 57.06920497013972  |
|  206  |  62.3251095322829  | 5.171530202718881  |  57.1535803527832  |
|  207  |  62.708412109375   | 5.155956326117883  | 57.552454934927134 |
|  208  | 62.678948514498195 | 5.158892082801232  | 57.520056868333086 |
|  209  | 62.59739599844126  | 5.160253247481126  | 57.437143521822414 |
|  210  | 62.68447828556941  |  5.16276495038546  | 57.521713616004355 |
|  211  | 62.90752882033128  |  5.15145615533682  | 57.75607204026442  |
|  212  | 61.932129044752855 | 5.187525329002967  | 56.744604149451625 |
|  213  | 62.65949939434345  | 5.165974363473746  | 57.49352609722431  |
|  214  | 62.428361025296724 | 5.170257623819205  | 57.258102870060846 |
|  215  | 62.30390587205153  | 5.1815884126516485 | 57.122317760760964 |
|  216  | 62.52328072885366  |  5.18021490067702  | 57.34306554236779  |
|  217  | 62.84452491642879  | 5.210629175039438  | 57.63389610642653  |
|  218  | 63.05014239032452  | 5.261108548091008  | 57.78903424541767  |
|  219  | 62.693813359187196 | 5.337652982565073  | 57.356160515418416 |
|  220  | 62.85427354079027  | 5.195669515169584  | 57.65860310950646  |
|  221  | 62.72391885141226  | 5.130545912229098  |  57.5933728919396  |
|  222  | 62.483334702711836 | 5.190358201540433  | 57.29297581364558  |
|  223  | 62.86364483407827  | 5.140450199420635  | 57.72319471388597  |
|  224  | 62.11680436354417  | 5.181509859818679  | 56.93529383263221  |
|  225  | 62.415812262901895 | 5.134842002575214  | 57.280970672607424 |
|  226  | 62.473774038461535 | 5.213658673799955  | 57.260114978496844 |
|  227  | 62.40087579345703  | 5.225634043180025  | 57.17524232835036  |
|  228  |  62.8418103919396  | 5.244342093247634  | 57.597467846210186 |
|  229  | 62.65094817176232  | 5.206284271533673  | 57.444663308950574 |
|  230  | 62.42181200702374  | 5.139106427119328  | 57.28270627065805  |
|  231  | 62.99287679349459  | 5.136690942030687  | 57.85618524639423  |
|  232  | 62.74992882596529  | 5.191567681826078  | 57.558361595740685 |
|  233  | 62.371892094538765 | 5.158379778935359  | 57.21351373056265  |
|  234  | 62.272206721379206 | 5.162214234865629  | 57.109993591308594 |
|  235  | 62.47799731914814  |  5.16237670135498  | 57.315620943509614 |
|  236  | 62.77270657113882  | 5.101259786165677  | 57.67144726092999  |
|  237  |  62.2728415621244  |  5.15033429307204  | 57.122506753774786 |
|  238  | 62.40730529080904  | 5.177892922914945  | 57.229412773719204 |
|  239  | 62.359492614746095 | 5.179265600938064  | 57.18022684654823  |
|  240  | 62.53099238938552  |  5.12934108704787  | 57.40165084838867  |
|  241  |  62.0449424626277  | 5.126507845658522  | 56.91843539898212  |
|  242  | 62.91007154728816  | 5.1389491624098556 | 57.77112249521109  |
|  243  | 62.44409503173828  | 5.111870255983793  |  57.3322247666579  |
|  244  | 62.72529692664513  | 5.065268098684458  | 57.660029376690204 |
|  245  | 62.02466788658729  | 5.067215651585506  | 56.957452502910904 |
|  246  | 62.512956763634314 | 5.0685769770695615 | 57.444379657451925 |
|  247  | 62.19273503464919  | 5.071753968752348  | 57.120981067364035 |
|  248  | 62.071433884840744 | 5.057908385350154  | 57.01352538358248  |
|  249  | 61.94873196645884  | 5.022077044266921  | 56.92665467247596  |
|  250  | 62.335439709003154 |  5.06475479390071  | 57.27068484731821  |
|  251  | 61.98826266244742  | 5.054432260366586  | 56.933830216627854 |
|  252  | 62.63576004967323  | 4.999195067772498  | 57.63656551185021  |
|  253  | 62.63037799541767  | 5.057438598339374  | 57.57293958223783  |
|  254  | 61.87618696242112  | 5.046532522641695  | 56.82965437199519  |
|  255  | 62.63851964393029  | 5.009118922893817  | 57.629401881291315 |
|  256  | 61.55340455744817  | 5.0547021874647875 | 56.49870297241211  |
|  257  | 62.29671078725961  | 4.994718331850492  | 57.301992541973405 |
|  258  | 62.329310845008266 | 4.997423364492563  | 57.331887883112984 |
|  259  | 62.31012303983248  |  5.01925654220581  | 57.29086671565129  |
|  260  | 61.77944267625075  | 5.0214529190063475 | 56.757990391657906 |
|  261  | 62.630246544471156 | 5.015758086571327  | 57.61448878126878  |
|  262  | 62.67722161160982  | 4.9952794001652645 |  57.6819412912222  |
|  263  | 62.38095879187951  | 5.003278263972356  | 57.377680588942304 |
|  264  | 61.77710098736103  |  5.05710402239286  | 56.719996584378755 |
|  265  | 62.02782527747521  | 5.001644357241117  | 57.02618132371169  |
|  266  | 62.23636879788912  | 5.005844881791335  | 57.23052309711163  |
|  267  | 62.42291868943435  |  4.96112899516179  | 57.461788977989784 |
|  268  | 61.78114902672401  | 5.013639190086952  | 56.767509462796724 |
|  269  | 61.56375658005935  | 4.983072013268104  | 56.58068340829703  |
|  270  | 61.90239638812725  | 5.023072359818679  | 56.879324333777795 |
|  271  | 62.34025197660006  | 5.008811233227069  | 57.331440030611475 |
|  272  | 61.89281564096304  | 5.018223820319543  | 56.874591174785905 |
|  273  | 62.11466390991211  | 5.010232989384578  | 57.10443079317533  |
|  274  | 62.070875732421875 | 4.995557884803185  | 57.07531797673152  |
|  275  | 61.66181971388597  | 4.975767915578989  | 56.68605127657377  |
|  276  |  62.2037887479342  | 4.970447836362399  | 57.23334178513747  |
|  277  | 61.88485376915565  | 5.011064524723933  | 56.873790402925934 |
|  278  | 61.97963712017353  | 4.971332552102896  | 57.00830533306415  |
|  279  | 61.99120520019531  | 5.021902658902682  | 56.96930240572416  |
|  280  | 62.135802138108474 | 4.993842017247126  | 57.14196004075271  |
|  281  | 62.12892488685021  | 4.962272503779484  |  57.1666521888146  |
|  282  | 62.02564791400616  | 5.011220817565918  | 57.01442694796049  |
|  283  | 62.11460678100586  | 5.032964003342848  | 57.08164388568585  |
|  284  | 62.22867442439153  | 5.0041419492868275 | 57.22453201059195  |
|  285  | 62.19254036771334  | 5.012076930999756  | 57.180463458721455 |
|  286  | 62.18152471454327  | 5.019471783271203  | 57.16205301372821  |
|  287  | 62.08624827223558  | 4.999422529660738  |  57.0868260145921  |
|  288  | 61.67782562255859  | 5.003248733520508  | 56.67457751934345  |
|  289  | 61.390326873779294 | 5.008630053006685  | 56.38169679142879  |
|  290  | 61.87558361581656  | 5.001364744919997  | 56.87421955754207  |
|  291  | 62.57849563598633  | 5.004071928464449  | 57.574424027663014 |
|  292  | 62.19009593552809  | 5.0015012559157155 | 57.18859261380709  |
|  293  | 61.86759773606521  | 4.996542986356295  |  56.871054492657   |
|  294  | 61.56865546123798  |  4.98661801147461  | 56.58203707416241  |
|  295  | 62.26301365778996  | 4.988187608865591  | 57.274826329157904 |
|  296  | 62.30664373779297  | 4.989110272334172  |  57.3175334777832  |
|  297  | 61.83177926166241  | 5.004746410076435  | 56.82703272188627  |
|  298  | 62.20807613900992  | 4.9819269981384275 | 57.22614895629883  |
|  299  |  62.283908203125   | 4.985630030705378  | 57.29827741887019  |
|  300  | 61.77578769390399  | 4.997534991631141  | 56.778252826397235 |
|  301  | 61.96444437819261  | 4.995151593428392  | 56.969291924109825 |
|  302  | 61.895416900634764 | 4.966539194253775  | 56.92887765972431  |
|  303  | 62.16611430476262  | 4.952836937830998  | 57.21327839073768  |
|  304  | 61.92419586416391  | 4.951005197084867  | 56.97319018789438  |
|  305  | 61.95774799992488  | 4.970104583153358  | 56.98764423311674  |
|  306  | 62.241811147836536 | 5.079706917982835  |  57.1621046870305  |
|  307  | 62.370265916090744 | 5.039654551579402  | 57.330611694335936 |
|  308  | 62.316485785851114 | 5.029463388296274  | 57.28702288818359  |
|  309  | 61.84184835580679  | 4.9739570121765135 | 56.86789107102614  |
|  310  | 62.01950494384766  | 5.000180913778451  | 57.019323897141675 |
|  311  | 62.29666030179537  | 4.968283608069787  | 57.32837647423377  |
|  312  | 62.539096782977765 | 4.947919353191669  | 57.591177473801835 |
|  313  | 61.879472090501054 | 4.9590190109839805 | 56.92045270714393  |
|  314  | 62.23592700664814  |  4.97062867795504  | 57.26529745248648  |
|  315  | 62.59698457688552  | 5.1425366791945235 | 57.454448650653546 |
|  316  | 62.373082604041464 | 5.138897212395301  |  57.2341856243427  |
|  317  | 61.87673952308068  |  5.1174060352032   | 56.759333946814905 |
|  318  | 62.05864588576097  | 5.120175247485821  | 56.93847119844877  |
|  319  | 62.26586128586989  | 5.059442188849816  | 57.20641900400015  |
|  320  | 61.73411478130634  | 5.050712097754845  | 56.683401439960186 |
|  321  |  61.6453653517503  | 5.088421986213097  | 56.55694387582632  |
|  322  | 62.344484929011415 | 5.027570002922645  | 57.31691472919171  |
|  323  | 61.861983966533955 |  5.03337082026555  | 56.82861281644381  |
|  324  | 61.93025232403095  | 4.9878810245807355 | 56.942371978759766 |
|  325  | 62.57562422062801  | 4.965880341163048  | 57.60974338707557  |
|  326  | 62.32142838228666  |  4.98723516875047  | 57.33419365516076  |
|  327  | 62.190645834115834 | 4.922947102473333  | 57.26769887131911  |
|  328  | 61.947575575608475 | 4.875619709601769  | 57.07195669320913  |
|  329  | 62.195048823429985 | 4.910461068960337  | 57.284588616004356 |
|  330  | 61.58129314481295  | 4.925618875063383  | 56.655675018310546 |
|  331  | 61.61622931847206  | 4.869669250194843  | 56.74656092482347  |
|  332  | 61.84667853487455  | 4.871432445232685  | 56.97524680739183  |
|  333  | 62.20148959115836  | 4.896542789165791  | 57.30494684776893  |
|  334  | 62.02015978064904  | 4.871278565626878  | 57.14888129601112  |
|  335  | 61.65719123253456  | 4.877393502162053  | 56.77979881638747  |
|  336  | 61.743908036452076 | 4.933554337428166  | 56.810353802020735 |
|  337  | 61.52084161611704  | 4.895596377446101  | 56.625244030292215 |
|  338  | 61.673870462270884 | 4.882853957836445  | 56.791017430232124 |
|  339  | 62.03210613544171  | 4.903708940065824  | 57.12839667452299  |
|  340  | 61.473991424560545 | 4.8990525917640095 | 56.574938244159405 |
|  341  | 61.45111685884916  |  4.88576883814885  | 56.565346860445466 |
|  342  | 61.56087904240535  | 4.871000005868765  | 56.68987900719276  |
|  343  | 62.05468350923979  | 4.854411101708045  | 57.20027173555814  |
|  344  | 62.00473555110051  | 4.870484345949613  | 57.13425112915039  |
|  345  | 61.71575496497521  | 4.912200748737042  | 56.80355480018029  |
|  346  |  61.792256638747   | 4.866744020315317  | 56.92551247699444  |
|  347  | 61.57763361065204  | 4.887728118016169  | 56.689905494103066 |
|  348  | 61.66727662541316  | 4.899770315023569  | 56.76750660588191  |
|  349  | 61.70514660644531  | 4.871930083641639  | 56.833215928297776 |
|  350  |  61.8879871098445  | 4.8868733183053825 | 57.00111369441106  |
|  351  | 61.70582849590595  | 4.884318618187538  |  56.8215101154034  |
|  352  | 61.982497748741736 |  4.8474337985699   | 57.13506428175706  |
|  353  | 61.589299236591046 | 4.896836929614727  | 56.69246255023663  |
|  354  | 61.950083505483775 | 4.859713692004864  | 57.09036919931265  |
|  355  | 61.988268528864936 | 4.8704611343970665 | 57.11780766648513  |
|  356  |  61.7545837120643  | 4.879555172259991  | 56.87502791184645  |
|  357  |  62.3747532043457  | 4.901433015970083  | 57.47332064819336  |
|  358  | 62.20346370286208  | 4.879740390190712  | 57.32372384174054  |
|  359  | 61.74800532179612  | 4.891295541616587  | 56.85671019099309  |
|  360  |  61.7064412513146  | 4.868942196185772  | 56.837498462383564 |
|  361  | 61.80456197650616  | 4.8919542984595665 | 56.91260731388972  |
|  362  |  61.5181357022799  | 4.8929229202270506 | 56.62521247746394  |
|  363  | 61.43628698730469  | 4.8971139344435475 | 56.53917216843825  |
|  364  | 62.09632897714468  | 4.911103251824012  | 57.18522654841497  |
|  365  | 62.01496334838867  | 4.905193656921386  | 57.10976903357873  |
|  366  | 61.916846005953275 | 4.891018760974591  | 57.02582763202374  |
|  367  |  61.4496677363469  | 4.9274509365375225 | 56.52221618417593  |
|  368  | 61.95904075505183  | 4.841830680847168  | 57.11720994685246  |
|  369  | 61.70695151226337  | 4.875643166175255  | 56.83130766179011  |
|  370  | 61.72721243286133  | 4.902627030592698  | 56.82458495154748  |
|  371  | 61.410254467303936 | 4.887982364067665  | 56.522272200364334 |
|  372  | 61.382426696777344 | 4.875864413628212  | 56.50656170184796  |
|  373  | 61.74077779447116  | 4.871924924997183  | 56.86885292170598  |
|  374  | 61.75842626248873  | 4.905526890387902  | 56.852899235652046 |
|  375  | 61.781067772498496 | 4.993362931178166  | 56.78770517202524  |
|  376  | 61.980952232947715 | 4.959552528381348  | 57.02139949622521  |
|  377  |  61.9302848416842  | 4.8907594994765065 | 57.039525205172026 |
|  378  |  61.6890567603478  | 4.910458080291748  | 56.77859791917067  |
|  379  |  61.5647558194674  | 4.892792172652024  | 56.67196412776067  |
|  380  | 62.06686808894231  | 4.877800373077393  | 57.18906749784029  |
|  381  | 61.77685217050406  | 4.8823584888164815 |  56.894494140625   |
|  382  | 61.868822404127854 | 4.861011272723858  | 57.007811636117786 |
|  383  | 61.19832282667894  | 4.857775271782509  | 56.34054804405799  |
|  384  | 61.604570791391225 | 4.888454867142897  | 56.71611591515174  |
|  385  | 61.783008767934945 | 5.0476898727416994 | 56.73531901432918  |
|  386  | 61.62650765286959  |  4.91721252147968  | 56.709294438288765 |
|  387  | 61.77717214496319  | 4.9032518586378835 | 56.873920518141524 |
|  388  | 62.17198512385442  | 4.904092928079458  | 57.267892641507665 |
|  389  | 61.58417154165414  | 4.862999998532809  | 56.721170961820164 |
|  390  | 61.71215641432542  |  4.95300809449416  | 56.759147946871245 |
|  391  | 61.573801400991584 | 4.951227638244629  | 56.62257284076397  |
|  392  | 61.81109755765475  | 4.894525456942045  |  56.9165722280649  |
|  393  | 62.19136710298979  | 4.878461050473727  | 57.31290534855769  |
|  394  | 61.533898735633265 | 4.820443214123066  | 56.71345522367037  |
|  395  | 61.98526551466722  | 4.847005184173584  | 57.13826131028395  |
|  396  | 61.68002567702073  | 4.869272710653452  | 56.81075345787635  |
|  397  | 61.71406272536058  | 4.866800038851224  | 56.84726396766076  |
|  398  | 61.56329369178185  | 4.866231468494122  | 56.69706280048077  |
|  399  | 61.738481048583985 | 4.819628429119404  | 56.918853299654444 |
|  400  | 61.84609853421725  | 4.843616259061373  | 57.00248255098783  |
|  401  | 61.36526818378155  | 4.852344299609845  | 56.51292426241361  |
|  402  | 61.414389258751505 | 4.838213330782377  | 56.57617516620343  |
|  403  | 61.71138521634615  | 4.820950314154992  | 56.89043617600661  |
|  404  | 61.27695504760742  | 4.829396201793964  | 56.44755842942458  |
|  405  | 61.69097397789589  | 4.8405265453045185 | 56.850448082557094 |
|  406  | 62.08578060913086  | 4.780962839273306  | 57.30481761286809  |
|  407  |  61.6232899216872  | 4.821322354830229  | 56.801967548076924 |
|  408  | 61.96420001220703  | 4.785505751683162  | 57.17869464346079  |
|  409  | 61.651834850604715 | 4.795846662374643  | 56.85598733990009  |
|  410  | 61.79561623676007  | 4.813060485252967  | 56.982556826077975 |
|  411  | 62.108226975661054 | 4.820438394106351  |  57.2877881234976  |
|  412  | 61.49203974562425  | 4.780230001009428  | 56.711809767503006 |
|  413  | 61.50894613647461  |  4.7993291015625   | 56.70961676964393  |
|  414  | 61.319895437387316 | 4.7992353266202485 | 56.52065997783954  |
|  415  | 61.16983487642728  | 4.792275542039137  |  56.3775594529372  |
|  416  | 61.752743760329025 | 4.798927914546086  | 56.953815777118386 |
|  417  | 61.61341271033654  | 4.754722628666804  | 56.858690643310545 |
|  418  | 61.60346345637395  | 4.798298006497896  | 56.80516586773212  |
|  419  | 61.40373711688702  | 4.813512849074144  | 56.59022405301607  |
|  420  | 61.444594766470104 | 4.816509628002461  | 56.62808593045748  |
|  421  |  61.4857423025278  | 4.796571727752686  | 56.68916978102464  |
|  422  | 61.671195303109975 | 4.743884549947885  | 56.92731021587665  |
|  423  | 61.74549939669095  | 4.7605170493492714 | 56.98498178335336  |
|  424  | 61.73821708327073  | 4.777534676771897  | 56.96068327214168  |
|  425  | 61.634706540621245 | 4.791700901618371  | 56.84300606126052  |
|  426  | 61.74767306283804  | 4.776331652127779  | 56.97134142127404  |
|  427  | 61.351740372877856 | 4.802478451655461  | 56.54926201923077  |
|  428  |  61.2556350379357  | 4.779919951512263  | 56.475714651254506 |
|  429  | 61.519324047382064 | 4.778653717921331  | 56.74066990074745  |
|  430  | 61.28191758375901  |  4.77543896308312  | 56.50647910484901  |
|  431  | 61.66189084097055  | 4.764058829967793  | 56.89783180354192  |
|  432  | 61.237848545954776 | 4.8146745212261495 | 56.42317383047251  |
|  433  | 61.55591240985577  | 4.819632911975567  | 56.73627927574745  |
|  434  | 61.63950833129883  | 4.789421072152945  | 56.85008713003305  |
|  435  | 61.56466943828876  | 4.777921500279353  | 56.78674921593299  |
|  436  | 61.67506360332782  | 4.773830388876108  | 56.90123360971304  |
|  437  | 61.29881615037184  | 4.802214112795316  | 56.49660198035607  |
|  438  | 61.76441046142578  | 4.785931354229267  | 56.97847790292593  |
|  439  | 61.48561737060547  |  4.85580209350586  | 56.629814936711234 |
|  440  | 61.48350930081881  | 4.814818298633282  | 56.66869084050105  |
|  441  | 61.666589160625755 | 4.7624735735379735 | 56.90411549729567  |
|  442  | 61.762293048565205 | 4.8057577274029075 | 56.95653571965144  |
|  443  | 61.16100578660232  | 4.797263641063983  | 56.36374204664964  |
|  444  | 61.42147964242788  | 4.794520961761474  | 56.62695969566932  |
|  445  | 61.29270713688777  | 4.809334306863638  | 56.48337292480469  |
|  446  | 61.44267666860727  | 4.790796508789063  | 56.65187998845027  |
|  447  | 61.811710385836086 |  4.81077111346905  | 57.00093876530574  |
|  448  | 61.85849579326923  | 4.842394174429087  | 57.01610124089168  |
|  449  | 61.83860859093299  | 4.755911472907433  | 57.082696920541615 |
|  450  | 61.82278942871094  | 4.7934508191622225 | 57.029339381291315 |
|  451  | 60.970245751014126 | 4.803573191422682  | 56.16667244544396  |
|  452  | 61.48849365703876  | 4.831981924790602  | 56.65651094172551  |
|  453  | 61.74415864915114  | 4.841877670874962  | 56.90228098238431  |
|  454  |  61.7535087092473  |  4.86990669808021  | 56.883601158728965 |
|  455  | 62.18187272996169  | 4.866343918433556  | 57.315527989314155 |
|  456  | 61.56572603665865  | 4.896552139869103  | 56.66917318490835  |
|  457  | 61.234833040677586 | 4.781795637277456  | 56.45303782301683  |
|  458  | 61.68348638446514  | 4.754190030024602  |  56.9292965627817  |
|  459  | 61.68726731989934  | 4.855043275686411  | 56.832224689190205 |
|  460  | 61.46948966627855  | 4.869246490185077  | 56.60024352792593  |
|  461  | 61.41525639225886  | 4.8203816164456885 | 56.59487422062801  |
|  462  | 61.54534629234901  | 4.833032514131986  | 56.712313389704775 |
|  463  | 61.11553723379282  |  4.81972297668457  | 56.29581490619366  |
|  464  | 61.28266600388747  | 4.792119548210731  | 56.49054682804988  |
|  465  | 62.40860862849309  | 4.831202859731821  | 57.57740501286433  |
|  466  | 61.44195128455529  | 4.779552689185509  | 56.66239918635442  |
|  467  | 61.51180488703801  | 4.770979493361253  | 56.740824932391824 |
|  468  | 61.704830075777494 | 4.778618376511794  |  56.9262108975924  |
|  469  | 61.751911170372594 | 4.812982771359957  | 56.93892830012395  |
|  470  | 61.77159582284781  | 4.780394790942852  | 56.99120061786358  |
|  471  | 61.583936913123495 | 4.806778606414795  | 56.777158768873946 |
|  472  | 61.42664615572416  | 4.835754483736478  | 56.59089135037936  |
|  473  | 60.99499560546875  |  4.76358549118042  | 56.23141044734074  |
|  474  | 61.727847163273736 | 4.793389159275935  | 56.93445773784931  |
|  475  | 61.61457974008413  | 4.744178583585299  | 56.87040117703951  |
|  476  | 61.526766801100514 | 4.7725198258620045 | 56.754248171292815 |
|  477  | 60.97151554518479  | 4.710563557844895  | 56.260952303372896 |
|  478  |  61.7963505084698  | 4.751859628530649  | 57.04449125319261  |
|  479  | 61.06079837505634  | 4.739295188903808  | 56.32150343440129  |
|  480  | 61.47191329721304  | 4.723245461977445  | 56.748668243408204 |
|  481  | 61.24317877197266  | 4.734664663754977  | 56.50851374230018  |
|  482  | 61.13681336857722  | 4.733987178215614  | 56.40282706157978  |
|  483  | 61.34576290893555  | 4.744918427980863  | 56.60084417489859  |
|  484  | 60.778580986609825 | 4.727406330695519  | 56.05117456289438  |
|  485  | 61.86605408653846  | 4.7299506841806265 | 57.13610313532902  |
|  486  | 61.40690794489934  | 4.754809715270996  | 56.652098440317005 |
|  487  | 61.05749306311974  | 4.720728306110089  | 56.33676487614558  |
|  488  | 61.419197866586536 | 4.743694660186768  | 56.67550246488131  |
|  489  | 61.468630634014424 | 4.7007124950702375 | 56.767917508638824 |
|  490  | 61.42305352783203  | 4.772435430086576  | 56.65061807485727  |
|  491  | 61.24666853684646  | 4.708251883873572  | 56.538415982759915 |
|  492  | 61.047038752629206 | 4.730075887826773  | 56.316963165283205 |
|  493  | 61.316579439603366 | 4.7148227119445805 |  56.6017567185622  |
|  494  | 61.08337423001803  | 4.730631895798903  | 56.35274239877554  |
|  495  | 61.58284197293795  |  4.70570166191688  |  56.8771404677171  |
|  496  | 61.28299608435998  |  4.69043429007897  | 56.59256175349309  |
|  497  | 61.34845880126953  | 4.720884024106539  | 56.62757500985953  |
|  498  | 61.32201516254132  | 4.687839779780461  | 56.634175520676834 |
|  499  | 61.26861536583534  | 4.707129197927622  | 56.56148603468675  |
|  500  | 61.32524640127329  | 4.735042910355788  | 56.590203556941105 |
|  501  | 61.28321903404823  | 4.6826619297907905 | 56.60055743173452  |
|  502  | 61.420490501990685 |  4.71523165834867  | 56.70525898155799  |
|  503  | 61.065762852595405 | 4.699496999007005  |  56.3662650780311  |
|  504  | 61.05606311974159  | 4.734445227696345  | 56.32161801851713  |
|  505  | 61.783402599628154 |  4.68186505655142  | 57.10153691687951  |
|  506  | 61.188436103233926 | 4.711887786571796  | 56.47654829054613  |
|  507  | 61.32105752798227  | 4.708805781144362  | 56.61225087092473  |
|  508  | 61.10149185884916  | 4.716083560063288  |  56.3854091022198  |
|  509  | 61.33513247211163  | 4.718432090465839  | 56.616699951171874 |
|  510  | 61.367389096773586 | 4.729699413006123  | 56.63768978177584  |
|  511  | 60.99266179246169  | 4.702330520336445  | 56.29033170729417  |
|  512  | 61.342794701209435 | 4.707907350393442  | 56.634887392484224 |
|  513  | 60.783906888521635 |  4.70174759380634  | 56.08215952007587  |
|  514  |  61.5844642169659  | 4.692301438551683  | 56.892163212702826 |
|  515  | 61.433400216909554 | 4.731113427675687  | 56.70228663752629  |
|  516  | 61.613723853478064 | 4.7149477785550635 | 56.89877537419246  |
|  517  | 61.352995178222656 | 4.756198360736554  | 56.596797896165114 |
|  518  | 61.50778410456731  | 4.741272243793194  | 56.76651200279823  |
|  519  | 61.316647040733926 | 4.702220183152419  | 56.61442765925481  |
|  520  | 61.32023510037936  | 4.7376789406996505 | 56.58255554903471  |
|  521  | 61.18947561410757  | 4.703005656902607  | 56.48646979229267  |
|  522  | 61.147337137075574 | 4.738771731743446  | 56.408565652700574 |
|  523  | 61.63682210129958  | 4.719261091965896  | 56.91756174410307  |
|  524  |  60.9643092980018  |  4.71377393927941  | 56.250534670316256 |
|  525  | 60.89077297738882  | 4.7435467059795675 | 56.147226665790264 |
|  526  | 61.23008817232572  | 4.758230730790358  | 56.471857999361475 |
|  527  | 60.75318644831731  | 4.723266490055964  | 56.02992053222656  |
|  528  | 61.276308720515324 |  4.71757566686777  | 56.55873330688477  |
|  529  | 60.708009772667516 | 4.743432700817402  | 55.964576920729414 |
|  530  | 61.16646138352614  | 4.722457535963792  | 56.44400431471605  |
|  531  | 60.49415240713266  | 4.806074791541467  | 55.68807774705153  |
|  532  | 60.89877601975661  | 4.7331471085181605 | 56.16562770432692  |
|  533  | 61.35657606858474  | 4.738145609048697  | 56.618430708665116 |
|  534  | 60.93944842764048  | 4.743489652193509  | 56.19595939518855  |
|  535  | 60.97580903742863  | 4.7121507204495945 | 56.26365802706205  |
|  536  | 61.61190739558293  | 4.803363510718713  | 56.80854337956355  |
|  537  | 60.97791380192683  | 4.857411399254432  | 56.12050207519531  |
|  538  | 61.573617865929236 | 4.738378785940317  | 56.83523883995643  |
|  539  | 61.42127482487605  | 4.785163982684796  | 56.63611094078651  |
|  540  | 61.33023825777494  | 4.751102445749136  | 56.57913623985878  |
|  541  | 61.660085158128005 | 4.807892799964318  | 56.85219274667593  |
|  542  |  61.0696377727802  | 4.799775146190937  | 56.26986263333834  |
|  543  | 61.55343282376803  | 4.7631431840749885 | 56.790289649376504 |
|  544  | 61.456893442007214 | 4.779520331162673  | 56.677373377873344 |
|  545  | 60.990026118351864 | 4.729436871748704  |  56.2605884775015  |
|  546  | 61.52395917687049  | 4.747780715648944  | 56.776177879920375 |
|  547  | 61.237885561429536 | 4.727026819669283  | 56.510858837421125 |
|  548  | 61.52966014451247  | 4.7008038831857535 | 56.828855452317455 |
|  549  | 61.11096272864709  | 4.721624033120962  | 56.389338346041164 |
|  550  | 60.83138966721755  | 4.757669002532959  | 56.07371993314303  |
|  551  | 61.58520548424354  | 4.717322721628042  | 56.86788362238957  |
|  552  | 60.86467907714844  | 4.749413448040302  | 56.11526494657076  |
|  553  | 61.31206285916842  |  4.68932100706834  | 56.62274079073392  |
|  554  | 60.954598407451925 | 4.678442321483906  | 56.27615681340144  |
|  555  | 61.31845309213492  | 4.702322566692645  | 56.61613071148212  |
|  556  | 60.996538372333234 | 4.685244233351487  | 56.311294243445765 |
|  557  | 61.224474461482124 | 4.702838356311505  | 56.52163622107872  |
|  558  | 61.263570725661054 | 4.687220602182242  | 56.576349447397085 |
|  559  | 61.33817500422551  | 4.684940121870775  | 56.65323496891902  |
|  560  | 61.25519496506911  | 4.654812508803148  | 56.60038236647386  |
|  561  | 60.81371229670598  | 4.669626605400673  | 56.144085705096906 |
|  562  | 61.228901123046874 | 4.657650045248178  | 56.571251159667966 |
|  563  | 60.71623811222957  | 4.663508676969088  | 56.05272848980243  |
|  564  | 61.79745010610727  | 4.691654025444618  | 57.10579522000826  |
|  565  | 61.26997836303711  | 4.681913741478553  | 56.588064108041614 |
|  566  | 61.117563239464396 | 4.655339971689077  | 56.46222325721154  |
|  567  | 61.440927771935094 | 4.6556627531785235 | 56.78526533390926  |
|  568  | 61.04795897263747  | 4.6660426826477055 | 56.381915449876054 |
|  569  | 61.219376380333536 | 4.685614540980413  | 56.53376213895358  |
|  570  | 60.67309882296048  | 4.679119205768291  | 55.99397954852765  |
|  571  | 60.81151708984375  | 4.679204150566688  | 56.132312915508564 |
|  572  | 61.30774810086764  | 4.633592115842379  | 56.674154494065505 |
|  573  | 61.11337860107422  | 4.668073833465576  | 56.445305889423075 |
|  574  | 61.01882425396259  | 4.660188623868502  | 56.35863574923002  |
|  575  | 61.48050065964919  | 4.6753112373352055 | 56.80518792489859  |
|  576  | 61.24358321908804  | 4.647956549424392  | 56.595627162053034 |
|  577  | 61.20873537503756  | 4.663240205031175  | 56.54549486365685  |
|  578  | 60.952829517071066 | 4.701350321256197  | 56.25147945697491  |
|  579  | 60.78377490234375  | 4.685198417076697  | 56.09857594886193  |
|  580  | 61.199029329740085 | 4.665900755955623  | 56.533128159743086 |
|  581  | 60.60903091430664  | 4.644026373349703  | 55.965004786564755 |
|  582  | 60.897860860971306 | 4.672698681464562  | 56.225161771334136 |
|  583  | 60.791483241154594 | 4.627076139890231  | 56.16440715848483  |
|  584  | 61.48356223003681  | 4.629060054192176  | 56.85450216440054  |
|  585  | 61.095938673753004 | 4.618297663468581  |  56.4776403104342  |
|  586  | 61.14236958195613  | 4.655888906038724  | 56.48648051335262  |
|  587  | 61.42414088322566  | 4.6756212202218865 | 56.74852020263672  |
|  588  | 60.92916180889423  | 4.648393451984112  | 56.28076893498347  |
|  589  | 61.15621499399038  | 4.650408856318547  | 56.50580645047701  |
|  590  | 61.23089490685096  | 4.655714200826791  | 56.57518133310171  |
|  591  | 61.05837575824444  |  4.69623076923077  |  56.3621446486253  |
|  592  | 61.20592873910757  | 4.684338337824895  | 56.521590881347656 |
|  593  | 61.084930565467246 | 4.672500227414645  | 56.412430854210484 |
|  594  | 61.19764217904898  |  4.64854769721398  | 56.54909434391902  |
|  595  | 61.28133120492789  | 4.675898819556603  | 56.60543260075496  |
|  596  | 60.578158186692455 | 4.671317492558406  | 55.906840829702524 |
|  597  | 61.08915477341872  | 4.650731910412128  | 56.43842313326322  |
|  598  |  60.8940381634052  | 4.663256935999944  | 56.23078090726412  |
|  599  | 61.32371001258263  | 4.709612689678486  | 56.614096588134764 |
|  600  | 60.64533172372671  | 4.659104992499718  | 55.98622572209285  |
|  601  | 60.96475990882286  | 4.718012503403884  | 56.24674777691181  |
|  602  | 61.17679067993164  | 4.654548261495737  | 56.52224275794396  |
|  603  | 61.10001011305589  | 4.700496748704177  | 56.39951387376052  |
|  604  | 60.832814481295074 | 4.667452233241154  | 56.16536204646184  |
|  605  | 61.151343287541316 | 4.685074672698975  | 56.46626848895733  |
|  606  | 60.88245491145207  | 4.694207856104924  | 56.18824728158804  |
|  607  | 61.289319681020885 | 4.7027837181091305 | 56.586536189152646 |
|  608  | 61.275897205059344 | 4.695446738609901  | 56.580451021634616 |
|  609  |  60.969513477032   | 4.832740663381723  | 56.13677276376578  |
|  610  | 61.070060391939606 | 4.7919095796438365 | 56.27815043757512  |
|  611  | 60.858925830547626 | 4.681937122931847  | 56.176988992544324 |
|  612  | 60.61286387986403  | 4.719838847820576  |  55.8930244539701  |
|  613  | 61.05059959294246  |  4.69212740120521  | 56.35847188392052  |
|  614  | 60.82264599844125  | 4.736351986811711  |  56.0862938302847  |
|  615  | 61.343169219970704 | 4.6583137151277985 | 56.68485649695763  |
|  616  | 61.25831895564153  | 4.651609373826247  | 56.606708989070015 |
|  617  | 61.85024180720403  | 4.649003160036528  | 57.20123848313552  |
|  618  | 60.898697453425484 | 4.680185781625601  | 56.21851155911959  |
|  619  | 61.01334520310622  | 4.6819112498943625 | 56.33143415245643  |
|  620  | 61.02854356736403  |  4.72938103719858  | 56.299161799504205 |
|  621  | 61.148696197509764 | 4.682683709951547  | 56.466012664794924 |
|  622  | 61.00459463735727  | 4.687361957256611  | 56.317232248159556 |
|  623  | 60.97778468205379  |  4.74742675282405  | 56.23035784912109  |
|  624  | 60.77484825955904  | 4.734155192741981  | 56.040693361722504 |
|  625  | 60.84643933105469  | 4.7186762877244215 | 56.127762610802286 |
|  626  | 60.99944168325571  | 4.643612202864427  | 56.355829909104564 |
|  627  | 60.93837932410607  | 4.692827607374925  |  56.2455515230619  |
|  628  | 61.020971412071816 | 4.697955006526067  | 56.323015610914965 |
|  629  | 61.04986064030574  | 4.672168930347149  | 56.377691763070914 |
|  630  | 60.89395488797701  | 4.670655195969801  | 56.223299412653994 |
|  631  | 61.03691571279673  | 4.671041061401367  | 56.365874924879805 |
|  632  | 60.95163247915415  | 4.660799636547382  | 56.29083297964243  |
|  633  | 61.56164110858624  | 4.635802560659555  | 56.92583862304687  |
|  634  | 60.92247009512094  | 4.667671785794772  | 56.254798537034254 |
|  635  | 60.81068707510141  | 4.622619136223427  | 56.188067741980916 |
|  636  | 60.86162108670748  | 4.671786900153527  | 56.18983457594651  |
|  637  | 60.90242603243314  | 4.653111427600567  | 56.24931436391977  |
|  638  | 61.05118614079402  | 4.609485980107234  | 56.44170012958233  |
|  639  | 60.98179564725436  | 4.640745181450477  | 56.34105063805213  |
|  640  | 60.53969468336839  | 4.593299040574294  | 55.94639482703576  |
|  641  | 61.10392153930664  | 4.6293728385338415 | 56.47454815204327  |
|  642  | 60.65354931640625  | 4.617416593404917  | 56.03613208946815  |
|  643  |  61.1429050386869  | 4.6097802590590256 | 56.53312420889048  |
|  644  | 60.98898598538912  | 4.601527096381554  | 56.387459693321816 |
|  645  | 60.72993041053185  | 4.616712126805232  | 56.11321822885367  |
|  646  | 60.88999128136268  |  4.63074972974337  |  56.2592412109375  |
|  647  | 60.91850735238882  | 4.598825801849365  |  56.3196817955604  |
|  648  | 60.89609393310547  | 4.589404139298659  | 56.306690709040716 |
|  649  | 60.75689012498122  | 4.637727987729586  |  56.1191621117225  |
|  650  | 60.52059801776593  | 4.598376996260423  | 55.92222070782001  |
|  651  | 61.26448436091496  | 4.570642770327055  | 56.69384178983248  |
|  652  | 61.212078268197864 | 4.600817877255953  | 56.61125989708534  |
|  653  | 61.18057024442233  | 4.628709239959717  | 56.55186099712665  |
|  654  | 60.64741677386944  | 4.656301874014048  | 55.99111413808969  |
|  655  | 60.87361264038086  | 4.637857880518987  | 56.235754462608924 |
|  656  | 61.03654025972806  | 4.610719216566819  | 56.425820875901444 |
|  657  | 60.65370414616511  | 4.612639239971454  | 56.041064532940204 |
|  658  | 61.02545705003005  | 4.5932286473787745 | 56.43222833251953  |
|  659  | 60.96440939331055  | 4.623064132396991  | 56.34134650362455  |
|  660  | 60.81016855797401  | 4.606822604839619  | 56.20334487210787  |
|  661  | 60.621222459059496 | 4.600536792461689  | 56.020686288686896 |
|  662  | 60.58207082190881  | 4.613265867966872  | 55.96880541522686  |
|  663  | 60.88212709632287  | 4.640014743218055  | 56.242112224872294 |
|  664  | 60.610344301663915 | 4.625950597029466  |  55.9843937495305  |
|  665  | 60.247839045597956 | 4.632097412402813  | 55.61574179311899  |
|  666  | 60.626700923039365 | 4.622144390399639  | 56.00455700214093  |
|  667  | 61.11825441800631  | 4.6278517878605765 | 56.49040261136569  |
|  668  | 60.82290030141977  | 4.604647867642917  | 56.21825389685998  |
|  669  | 61.29731126051683  | 4.592597060276912  | 56.70471437190129  |
|  670  | 61.383840564434344 | 4.6084537021930405 | 56.775386833777794 |
|  671  | 61.15490027794471  | 4.626260289999155  | 56.528639862060544 |
|  672  | 60.84527163696289  | 4.619835701869084  |  56.2254362886869  |
|  673  | 60.67686851149339  | 4.651329907930815  | 56.02553876671424  |
|  674  | 60.831249962439905 | 4.669121241056002  | 56.16212979830228  |
|  675  | 60.96913713895358  | 4.600388533959022  | 56.36874893892728  |
|  676  | 61.035857989971454 | 4.652216673924372  | 56.383641298734226 |
|  677  | 61.30231974675105  | 4.628724355844351  | 56.673595975435695 |
|  678  |  60.6819167175293  | 4.640394447913537  | 56.04152310650165  |
|  679  | 61.52739524019682  | 4.656909835521992  | 56.87048355102539  |
|  680  | 60.760746690016525 | 4.618948441138635  | 56.141798724834736 |
|  681  | 60.897371474045976 | 4.614932109539326  | 56.28243869018554  |
|  682  | 61.16222202007587  | 4.601924683790941  | 56.56029693134015  |
|  683  | 60.48638566002479  | 4.665164810474102  | 55.821220883882965 |
|  684  |  60.7284278916579  | 4.668592394315279  | 56.05983473557692  |
|  685  | 60.728356489915114 | 4.6852855582604045 | 56.043071920541614 |
|  686  | 60.637034071702224 | 4.707021362598126  | 55.93001356388972  |
|  687  | 60.95543106783354  | 4.688585687784048  | 56.26684555053711  |
|  688  | 60.890226534329926 | 4.646775887122521  | 56.24345039485051  |
|  689  | 60.77460998535156  | 4.637685547755315  | 56.13692485163762  |
|  690  | 60.89170805006761  | 4.675501518836389  | 56.216206756591795 |
|  691  | 61.26696821946364  |  4.68069323525062  | 56.58627459951548  |
|  692  | 60.94178075937124  | 4.638856642796443  | 56.30292442673903  |
|  693  |  61.2370704275278  | 4.617200929201566  | 56.61986954909104  |
|  694  | 60.75365908813477  | 4.780975297194261  | 55.97268324631911  |
|  695  | 60.97483093026968  | 4.636026395357572  | 56.33880346444937  |
|  696  | 61.07616891479492  | 4.617793026850774  | 56.45837542255108  |
|  697  | 60.187026942326476 | 4.623588486598088  | 55.56343833571214  |
|  698  | 60.59663007061298  | 4.635680529080904  | 55.96095024695763  |
|  699  | 60.70766135582557  | 4.625440412374643  | 56.082220076340896 |
|  700  | 60.844951143704925 |  4.63853144132174  | 56.206419752854565 |
|  701  | 60.997155393160305 | 4.632405061281644  | 56.36475123244065  |
|  702  | 61.14465832754282  | 4.614710374391996  | 56.52994797926683  |
|  703  | 60.583987501878006 | 4.607604499816895  | 55.97638363647461  |
|  704  | 60.85934287438026  | 4.673997386345497  | 56.185345057560845 |
|  705  | 60.95930190101036  | 4.632142552008996  | 56.32715940035307  |
|  706  | 61.08349098792443  | 4.640343559558575  | 56.443147291917064 |
|  707  |  61.1987030850924  | 4.618651272993821  | 56.58005171086238  |
|  708  | 60.37316736778846  | 4.614001105968769  | 55.759164778489335 |
|  709  | 61.06000526310847  |  4.62671318582388  | 56.43329206261268  |
|  710  | 60.53453602717473  | 4.623369605137752  | 55.91116594519982  |
|  711  | 61.50236485877404  | 4.601987078740047  |  56.9003780071552  |
|  712  | 60.92569648860051  | 4.598564469557542  | 56.327132563664364 |
|  713  | 61.144507620004504 | 4.580319064213679  | 56.56418730985202  |
|  714  | 60.82901427283654  | 4.617856812110314  | 56.21115677818885  |
|  715  | 61.46814137620192  | 4.603027807382437  | 56.86511393385667  |
|  716  | 60.89973314255934  |  4.59079334288377  | 56.30894113628681  |
|  717  | 60.52385696411133  |  4.59198040331327  | 55.93187685218224  |
|  718  | 60.95031750488281  | 4.5655600500840405 | 56.384758096548225 |
|  719  | 60.96467980957031  | 4.577024786435641  | 56.38765577345628  |
|  720  | 60.78174883798452  | 4.596333496680627  | 56.18541556490385  |
|  721  | 60.64610733501728  | 4.571663150787353  | 56.07444414344201  |
|  722  | 60.245735755333534 | 4.587457159189078  | 55.65827877572867  |
|  723  | 60.37834009728065  | 4.604868866553673  | 55.77347145667443  |
|  724  | 60.73686688936674  | 4.589876650003286  | 56.146989513690656 |
|  725  | 60.61352775925857  | 4.581718652871939  | 56.03180908203125  |
|  726  |  59.9842180457482  | 4.631847476959228  | 55.35237015240009  |
|  727  | 61.07139391855093  | 4.5739038138756385 | 56.49748973905123  |
|  728  | 60.319195587158205 | 4.578227620931772  | 55.74096835092398  |
|  729  | 60.57318407029372  | 4.5690477327200085 | 56.00413774695763  |
|  730  | 61.20859358097957  | 4.536586530832144  | 56.67200720449594  |
|  731  |  60.8077000779372  | 4.545905056586633  | 56.26179545475886  |
|  732  | 60.64016336998573  | 4.554427785726694  | 56.08573601355919  |
|  733  | 60.915250274658206 |  4.54837908407358  |  56.3668713660607  |
|  734  | 60.607059309739334 | 4.603265504983756  | 56.003793478158805 |
|  735  | 60.47469051185021  | 4.589538200671856  | 55.885152172382064 |
|  736  | 60.72466841947115  | 4.5686083332942085 | 56.15606036611704  |
|  737  | 61.108342073880706 | 4.569072506244366  | 56.53926979886568  |
|  738  | 60.73073540790264  | 4.539761546795185  | 56.19097396146334  |
|  739  | 60.59277860201322  | 4.605369990715614  | 55.98740803410457  |
|  740  | 59.96219530780499  | 4.5671110024085415 | 55.39508416278546  |
|  741  | 60.86868260544997  | 4.574866845644437  | 56.29381471135066  |
|  742  | 60.65623352050781  | 4.596537570366492  | 56.05969559420072  |
|  743  | 60.60289031512921  | 4.563199262472299  | 56.039692157451924 |
|  744  | 60.70366373619667  | 4.562254325279823  | 56.141409963754505 |
|  745  | 60.37387213604267  | 4.576456788576566  | 55.79741615412785  |
|  746  | 60.35740056668795  | 4.608580462822547  | 55.74882045804537  |
|  747  | 61.072703981839695 | 4.595141786428599  | 56.47756261268029  |
|  748  | 60.47818961745042  | 4.592310045389029  | 55.88587932410607  |
|  749  | 60.59894919996995  | 4.599067720559927  | 55.999881284273584 |
|  750  | 60.44370493492713  | 4.595783283820519  | 55.84792056039664  |
|  751  | 60.58437934053861  | 4.595303423368014  | 55.98907598407452  |
|  752  | 60.891146233191854 | 4.623359897906964  |  56.2677862102802  |
|  753  | 60.851620755709135 | 4.567863383366511  | 56.283757493239186 |
|  754  | 61.078878591684195 | 4.619169424497164  | 56.459710190993086 |
|  755  | 61.30456776545598  | 4.6106591582665075 |  56.6939082054725  |
|  756  | 60.844428478534404 | 4.5997746361952565 | 56.244653836763824 |
|  757  | 60.847382594181944 | 4.606912348527175  | 56.24047036743164  |
|  758  | 60.45027098905123  |  4.5826551123399   | 55.86761523907001  |
|  759  | 61.35261255821815  | 4.554536846160889  | 56.798076552170976 |
|  760  | 61.42114032217172  | 4.575675811767578  | 56.845463853102466 |
|  761  | 60.693350919283354 | 4.587295201521654  | 56.10605559363732  |
|  762  | 59.86981923264724  | 4.627808755434477  | 55.24201065532978  |
|  763  | 60.780090747539816 | 4.641364852905274  | 56.13872528076172  |
|  764  | 61.59002016507662  | 4.572733995584342  | 57.017286494328424 |
|  765  | 61.087756291316104 | 4.6037324600219725 | 56.48402403141902  |
|  766  | 60.739308734600364 | 4.603362594897931  | 56.135945892333986 |
|  767  | 60.96663729858398  | 4.643137286259578  | 56.323499377910906 |
|  768  | 60.56824141282301  | 4.617322133284349  | 55.95091886549729  |
|  769  | 60.72373000394381  | 4.585680978334867  | 56.13804873891977  |
|  770  | 60.16501055438702  | 4.654859089484582  | 55.510151277982274 |
|  771  | 61.08341178307167  | 4.639521287477933  | 56.44389046536959  |
|  772  | 61.155814448429986 | 4.616085239997277  | 56.53972974571815  |
|  773  | 60.68174649517353  | 4.592333499028133  | 56.08941334885817  |
|  774  | 61.029277104304384 | 4.607539806072529  | 56.421737978421724 |
|  775  | 61.04886849740836  |  4.58124056830773  |  56.4676278897799  |
|  776  | 61.27880555372972  | 4.606323925605187  | 56.67248272235577  |
|  777  | 60.60542831186148  | 4.589486416743352  | 56.01594201425406  |
|  778  | 60.47645233858549  | 4.619548509451059  | 55.856903245192306 |
|  779  | 60.429896712083085 | 4.569704026735746  |  55.8601926175631  |
|  780  | 60.84854346876878  | 4.567109361208402  | 56.28143439424955  |
|  781  | 60.49970341843825  | 4.580746113116924  | 55.91895774958684  |
|  782  | 60.69810229257437  | 4.573706243368296  | 56.12439584350586  |
|  783  | 60.77144817176232  | 4.585154830639179  | 56.18629330444336  |
|  784  | 60.634379685621994 | 4.574302865835336  | 56.06007621882512  |
|  785  | 60.61323187021109  | 4.582211863297682  | 56.031019953801085 |
|  786  | 60.84922398728591  |  4.58003989645151  |  56.2691841806265  |
|  787  | 60.664940943791315 | 4.558210767892691  | 56.10672989595853  |
|  788  | 60.701762251633866 | 4.6043122379596415 | 56.09744963895358  |
|  789  | 60.836568631685694 | 4.552455325493446  | 56.28411417564979  |
|  790  | 60.53428798029973  | 4.566243075444148  | 55.968046105018026 |
|  791  | 60.780318486140324 | 4.548208134284386  | 56.232110548753006 |
|  792  | 60.53050612464318  | 4.566860224210299  | 55.96364675199069  |
|  793  | 60.68685199913612  | 4.519781454819899  | 56.16707119985727  |
|  794  | 60.685692279522236 | 4.550234317779541  | 56.13545771437425  |
|  795  | 60.58840352924054  | 4.549606029510498  | 56.03879743605393  |
|  796  | 60.67815001971905  | 4.559482648115892  | 56.11866735370342  |
|  797  | 60.59988702627329  | 4.526628257458027  | 56.07325886418269  |
|  798  | 60.367756540151746 | 4.554465195875902  | 55.81329132549579  |
|  799  | 60.18491567993164  |  4.53112500498845  | 55.65379026911809  |
|  800  | 60.42180618990385  | 4.539919072958139  | 55.881886690579925 |
|  801  | 60.97447546621469  | 4.569065455216628  | 56.40541068209134  |
|  802  | 60.30958420269306  | 4.517788875286396  | 55.79179568011944  |
|  803  | 60.21376878474309  | 4.540231187086839  |  55.6735380483774  |
|  804  | 60.506391352726865 | 4.544187437497652  | 55.962203580416165 |
|  805  | 60.51439760883038  |  4.51420720584576  | 56.00018985924354  |
|  806  | 60.76602837430514  | 4.531339823796199  | 56.23468889676607  |
|  807  | 60.29045281747671  | 4.527830675858718  | 55.762621293288014 |
|  808  | 60.97949209359976  | 4.518700446202205  | 56.46079010244516  |
|  809  | 60.609194098839396 | 4.538517728658823  | 56.070676957350514 |
|  810  | 60.63744045785757  | 4.518691533015325  | 56.118748607928936 |
|  811  | 60.77014524019682  | 4.525907531444843  | 56.24423811457707  |
|  812  | 60.64664578951322  | 4.600705175253061  | 56.04594065739558  |
|  813  | 60.61803608586238  | 4.541995999556321  |  56.0760401939979  |
|  814  | 60.46977274263822  | 4.5441209062429575 | 55.925651731050934 |
|  815  | 60.72603384399414  | 4.537420051868145  | 56.18861387282151  |
|  816  | 60.11800735708383  | 4.586145390730638  | 55.53186266855093  |
|  817  | 60.244214766282305 | 4.550838247152475  | 55.69337656813401  |
|  818  | 60.831745412973255 | 4.549036164797269  | 56.28270962289663  |
|  819  | 60.320047039325424 | 4.556658846635085  | 55.76338836904672  |
|  820  | 60.637447272667515 | 4.549992863875169  | 56.08745446777344  |
|  821  | 60.37250629601112  | 4.592842663104718  | 55.77966425030048  |
|  822  | 60.76601185021033  | 4.537710651984582  | 56.22830091740535  |
|  823  | 60.60678620793269  | 4.570705399146447  | 56.03608066030649  |
|  824  | 60.26426583862305  | 4.588795987936167  |  55.6754702336238  |
|  825  | 61.16486177415114  | 4.543421974182129  | 56.621439643272986 |
|  826  | 60.679655857966495 | 4.551897898160495  | 56.12775795569787  |
|  827  | 60.788946037879356 | 4.562731295658992  | 56.22621424983098  |
|  828  | 60.769841012807994 |  4.56902848815918  |  56.2008119530311  |
|  829  | 60.62195724956806  | 4.557115581805889  | 56.06484195181039  |
|  830  |  60.4168327355018  | 4.5747863291226905 | 55.84204582801232  |
|  831  | 60.48458808312049  | 4.608110465416542  | 55.87647821044922  |
|  832  | 60.655396479679986 | 4.564742073939397  | 56.090655623215895 |
|  833  | 60.705270317664514 | 4.540411080580491  | 56.164860407902644 |
|  834  | 60.66437330510066  | 4.538451853532058  | 56.125921266995945 |
|  835  | 60.34345804302509  | 4.536437262901893  | 55.80702099139874  |
|  836  |  60.4659476928711  | 4.548680066622221  | 55.91726784339318  |
|  837  | 60.624836392916166 | 4.529912373762865  | 56.09492461688702  |
|  838  | 60.83526277747521  |  4.52889164352417  | 56.30637082378681  |
|  839  | 60.768381718562196 | 4.545978507995605  | 56.22240362783579  |
|  840  | 60.490044377253604 |  4.57505977659959  | 55.914984670785756 |
|  841  | 60.35534548480694  | 4.600838171738845  | 55.75450688523512  |
|  842  | 60.69941599214994  | 4.625464231931247  |  56.0739519136869  |
|  843  | 60.65372498497596  | 4.591170271946834  | 56.062553741455076 |
|  844  | 60.86878891695463  | 4.588391491229718  |  56.2803966017503  |
|  845  | 60.29400028874324  | 4.581887785691482  | 55.712112415020286 |
|  846  | 60.43669539466271  | 4.580952790480394  |  55.8557419550969  |
|  847  | 60.53171293992263  | 4.581532095395602  | 55.95018014291617  |
|  848  | 60.29381501417894  | 4.567269762479342  | 55.726544889009915 |
|  849  | 60.574563098614036 | 4.550155934847318  | 56.02440755756085  |
|  850  | 60.60221136005108  | 4.558430598332332  | 56.043779893141526 |
|  851  | 60.98695747962365  |  4.55524476828942  | 56.43171254319411  |
|  852  | 60.54183826153095  | 4.539133984785813  | 56.00270412973257  |
|  853  | 60.48336451838567  |  4.56666557928232  | 55.91669948871319  |
|  854  | 61.110254103440504 | 4.594138687427227  | 56.51611548790565  |
|  855  | 60.649729576697716 | 4.548509591909555  | 56.101219379131614 |
|  856  | 60.713043717604414 | 4.583502673515906  | 56.129541170560394 |
|  857  | 60.71606522310697  | 4.570825853494497  | 56.14523869675856  |
|  858  | 60.38696234600361  | 4.5853245773315425 | 55.801637735220105 |
|  859  | 60.38981307279147  | 4.548731836465689  | 55.84108091383714  |
|  860  |  60.3070304307204  | 4.546432698763334  | 55.76059779240535  |
|  861  | 60.57164689049354  | 4.574687744727502  | 55.99695940223107  |
|  862  | 60.32868525578426  | 4.563886176476112  | 55.764798795259914 |
|  863  | 60.41347189096304  | 4.546257391122671  | 55.867214360163764 |
|  864  | 60.45284456693209  | 4.506837374467116  | 55.946006972092846 |
|  865  | 60.002585040752706 | 4.566139489393968  | 55.436446880634016 |
|  866  | 60.569185830923225 | 4.552919969118558  | 56.016266075721155 |
|  867  | 60.100586965707635 | 4.5310092518146226 | 55.56957674231896  |
|  868  | 60.94362910813552  | 4.517558673271766  | 56.42607031954252  |
|  869  | 60.38845683875451  | 4.542603905897874  | 55.845853212796726 |
|  870  | 60.64851906644381  | 4.5306642617445725 |  56.1178545320951  |
|  871  | 60.62732805457482  | 4.517371882805458  | 56.10995585749699  |
|  872  | 60.068380521334134 | 4.518593938387357  | 55.54978680185171  |
|  873  | 60.37804318472055  | 4.518356999910795  | 55.859685298039366 |
|  874  | 60.41504655104417  | 4.560032682272104  | 55.85501394888071  |
|  875  | 60.20398255568284  | 4.511445105039156  |  55.692537109375   |
|  876  | 60.76631893216646  | 4.498325236980731  | 56.267993642953726 |
|  877  | 60.26892967810998  | 4.521977631495549  | 55.74695159442608  |
|  878  | 60.367208862304686 | 4.504420700953557  | 55.86278843571589  |
|  879  | 60.18093374633789  | 4.508602975111741  |  55.672331641564   |
|  880  | 60.55162978186974  | 4.553048553466797  | 55.998581493671125 |
|  881  | 60.69917060265174  |  4.55255182500986  | 56.14661881432166  |
|  882  | 60.570559401292066 | 4.515042628361629  | 56.055516939603365 |
|  883  | 60.17884047288161  | 4.513685628157395  | 55.665154728816105 |
|  884  | 59.79147621976412  | 4.516636236337515  | 55.274839653602015 |
|  885  | 60.30041403667743  | 4.471936482943021  | 55.82847712824895  |
|  886  | 60.40376795372596  | 4.5222140455979565 | 55.88155415226863  |
|  887  | 59.995716123140774 | 4.5441364100529595 | 55.45157921424279  |
|  888  | 60.28400464571439  | 4.540818672473614  | 55.74318642484225  |
|  889  | 60.60848007436899  | 4.559853226001446  | 56.04862708928035  |
|  890  | 60.18733586942233  | 4.483751236255352  | 55.70358504310021  |
|  891  | 59.98840981116662  | 4.552548846905048  |  55.4358611731896  |
|  892  | 60.71047810950646  | 4.538900371551514  | 56.17157690429688  |
|  893  | 60.746898421067456 | 4.492460724757268  | 56.25443749060997  |
|  894  | 60.41780260995718  | 4.5115777003948505 | 55.90622542395958  |
|  895  |  60.4314988685021  | 4.537685872004582  |     55.8938125     |
|  896  | 60.315231771615835 | 4.505632963033823  | 55.80959868680514  |
|  897  | 59.767183180588944 | 4.510006496722881  | 55.25717712637094  |
|  898  | 60.62783949397161  | 4.544681647080641  | 56.083158339280345 |
|  899  | 60.22887064302885  | 4.489130085284893  | 55.73974036348783  |
|  900  | 60.787776123046875 | 4.4972989366971525 | 56.29047686298077  |
|  901  | 60.38343680279071  | 4.532706894801213  | 55.85072982553336  |
|  902  | 60.419797170785756 | 4.525120426471417  | 55.894676785982575 |
|  903  | 60.06258788358248  | 4.538347332881047  | 55.52424071561373  |
|  904  | 60.30380014507587  | 4.544166999230018  | 55.75963307072566  |
|  905  | 60.06893090820312  | 4.522623657813439  | 55.546306924673225 |
|  906  | 60.60992757239708  | 4.491767484518198  | 56.118161165677584 |
|  907  | 60.35099604210487  | 4.543517494788537  | 55.807478560227615 |
|  908  | 60.36542876962515  | 4.535294707371638  | 55.830134549654446 |
|  909  | 60.279503380408656 | 4.546815173222469  | 55.732687194824216 |
|  910  | 60.252367551363434 | 4.511442652482253  | 55.74092476008489  |
|  911  | 60.14826903592623  | 4.559358164860652  | 55.588910447340744 |
|  912  | 59.985643993671125 | 4.536115287780762  | 55.44952805269681  |
|  913  | 60.29750402832031  | 4.574777209355281  | 55.722727088341344 |
|  914  | 60.64780379310021  | 4.521942014547495  | 56.12586141263522  |
|  915  | 60.21157643010066  | 4.542272769634541  | 55.669303689809944 |
|  916  | 60.744046731802136 | 4.545160126319298  | 56.198886770395134 |
|  917  | 60.877938058706434 | 4.564057419703557  | 56.313880521334134 |
|  918  | 60.78254021512545  | 4.544382784329928  | 56.23815606454703  |
|  919  | 60.93144604022687  | 4.529020775721623  | 56.402424877460184 |
|  920  | 60.54816735839844  | 4.5234413783733665 | 56.024726696307845 |
|  921  | 60.54608282705454  | 4.513842027810903  | 56.032240727351265 |
|  922  | 60.76031804950421  | 4.521642466911903  | 56.238675318791316 |
|  923  | 60.226693812443656 | 4.523514836531419  | 55.70317954430213  |
|  924  | 60.655728635347806 | 4.556807552044209  | 56.09892154634916  |
|  925  | 60.769435983511116 |  4.54852209003155  | 56.22091434889573  |
|  926  | 59.514466186523435 | 4.576457836151123  | 54.93800777728741  |
|  927  | 60.60735294752855  | 4.550577794295091  | 56.05677521456205  |
|  928  |  60.3995455862192  | 4.5043469963073735 | 55.89519835486779  |
|  929  | 59.893623920147235 | 4.542891733903152  | 55.35073140070988  |
|  930  | 60.408770791860725 |  4.52909195298415  | 55.87967774141752  |
|  931  | 60.324551656869744 | 4.560395882533147  | 55.76415579223633  |
|  932  | 60.48870936701848  |  4.53126421561608  | 55.95744588059645  |
|  933  | 60.67905150428185  | 4.510630715590257  | 56.16842056978666  |
|  934  | 60.669257467416614 | 4.559287916330191  | 56.109969759427585 |
|  935  | 60.45347969172551  | 4.5186903316791245 | 55.93478875262921  |
|  936  | 60.054190936748796 | 4.483302078540508  | 55.570888779860276 |
|  937  | 60.48966330895057  | 4.499324696467473  | 55.99034027803861  |
|  938  | 60.569491783728964 | 4.4999816791827865 | 56.06951036893405  |
|  939  |    60.475921875    | 4.496341006939228  | 55.97958136455829  |
|  940  | 60.145626457801235 | 4.501534133324256  | 55.644091928335335 |
|  941  | 60.69304537729116  | 4.493626158787654  | 56.19941959087665  |
|  942  | 59.900874281663164 | 4.488892653245192  | 55.411981494610124 |
|  943  | 60.05459342604417  | 4.5137013227022615 | 55.540891707200274 |
|  944  |  60.9458399235652  | 4.505058045607346  | 56.44078166081355  |
|  945  | 60.21024759615385  | 4.526238093156081  | 55.68400934307392  |
|  946  | 59.78490909282978  | 4.519859261439397  | 55.26504924363356  |
|  947  | 60.42005720872145  | 4.506882531973032  | 55.913175307053784 |
|  948  | 60.00367397601788  | 4.505577988551213  | 55.49809625948392  |
|  949  | 60.19385409076397  | 4.466477876809927  | 55.72737571598933  |
|  950  | 60.15202703622671  | 4.514407799060528  | 55.637618342472955 |
|  951  |  59.9233042203463  | 4.477118878291203  | 55.446186354417065 |
|  952  | 60.24276844904973  |  4.4813201613793   | 55.76144830791767  |
|  953  | 59.28295369074895  |  4.51675893842257  | 54.76619407066932  |
|  954  | 60.383136016845704 | 4.454530347090501  | 55.92860557673528  |
|  955  | 60.48396473811223  | 4.492755682725173  | 55.99120881770207  |
|  956  | 60.21290730168269  | 4.4962865791320805 | 55.71662074631911  |
|  957  | 60.272563579852765 | 4.486629830873929  |  55.7859340233436  |
|  958  | 60.022413977989785 | 4.466037351168119  | 55.556377061110275 |
|  959  | 59.96151305917593  | 4.505398338317871  | 55.45611423433744  |
|  960  | 60.32350130990835  | 4.471101044288049  |  55.8523995713454  |
|  961  | 60.35898056734525  | 4.458093401982234  | 55.90088687133789  |
|  962  | 60.240021141639126 | 4.472844539348896  | 55.76717663574219  |
|  963  | 59.82013630793645  | 4.4747899715717026 | 55.34534671020508  |
|  964  | 59.82075836651142  | 4.498140758220966  | 55.322618084247296 |
|  965  | 60.36196213003305  | 4.450240618779109  | 55.91172159282978  |
|  966  | 59.937280634953424 | 4.5198888819767875 | 55.41739153583233  |
|  967  | 60.48977715594952  | 4.461856652773344  | 56.027919884314905 |
|  968  |  60.585814258282   | 4.494051161545974  | 56.09176243943435  |
|  969  | 60.152327810434194 | 4.458557334899902  | 55.69377070735051  |
|  970  | 59.97045232450045  | 4.481349135472224  | 55.489103595440206 |
|  971  |  59.9665741013747  | 4.460459047757662  | 55.50611441744291  |
|  972  | 61.101681978665866 | 4.488643887739915  | 56.61303887469952  |
|  973  | 60.131365638146036 | 4.517023090362549  | 55.61434261380709  |
|  974  | 60.33129955115685  | 4.497340215242826  | 55.83395985529973  |
|  975  | 60.43831415968675  | 4.512293517772968  | 55.926019862248346 |
|  976  | 60.51651893263597  | 4.480914452772874  | 56.03560529972957  |
|  977  |  60.3173228924091  | 4.488861616868239  | 55.82846105018029  |
|  978  | 60.15521758328951  | 4.4791135069040156 | 55.676104856050934 |
|  979  | 60.64801365309495  | 4.4795459084144005 | 56.16846873826247  |
|  980  | 60.93695759699895  | 4.429682285895715  | 56.50727553147536  |
|  981  | 59.969476381742034 | 4.510563532609206  | 55.45891286292443  |
|  982  | 60.34561776968149  | 4.5016291093092695 | 55.84398928833008  |
|  983  | 60.52545576359675  | 4.496244687300462  | 56.02921048912635  |
|  984  | 60.610855464054985 | 4.490240352630615  | 56.12061492450421  |
|  985  | 60.196734560452974 | 4.503637680640588  | 55.693096790020284 |
|  986  | 60.34372706721379  | 4.445777292691744  | 55.89794952862079  |
|  987  | 60.481692939171424 | 4.501783082228441  | 55.979909057617185 |
|  988  | 60.723786590576175 | 4.521766792003925  |  56.2020192190317  |
|  989  | 60.51442500657301  | 4.449228007389949  | 56.065196296105015 |
|  990  | 60.890383413461535 | 4.549626455747164  | 56.340757509671725 |
|  991  | 60.17990170522837  | 4.482796158717229  | 55.697105689415565 |
|  992  | 60.40442995511569  | 4.537037381685697  | 55.86739257108248  |
|  993  | 60.30479427396334  | 4.515070368840144  | 55.789724264291614 |
|  994  | 60.63151697481596  | 4.486080060812143  | 56.14543613609901  |
|  995  | 60.089285888671874 | 4.469988810612605  |  55.6192965627817  |
|  996  | 60.401337404691255 | 4.497610377385066  | 55.90372683950571  |
|  997  | 60.62924815016527  | 4.476772101182204  | 56.15247731604943  |
|  998  | 60.547745239257814 | 4.497110163175143  | 56.050634310208835 |
|  999  | 60.38186072481596  | 4.4632696116520805 | 55.918590564434346 |
|  1000 | 60.62873017296424  | 4.475188633845403  | 56.153541766826926 |
+-------+--------------------+--------------------+--------------------+